factionsfile version 1
76
fac_no_faction No_Faction 0 11184810 
 0.900000  0.000000  0.000000  0.000000  0.000000  0.000000  0.000000  0.000000  0.000000  0.000000  0.000000  0.000000  0.000000  0.000000  0.000000  0.000000  0.000000  0.000000  0.000000  0.000000  0.000000  0.000000  0.000000  0.000000  0.000000  0.000000  0.000000  0.000000  0.000000  0.000000  0.000000  0.000000  0.000000  0.000000  0.000000  0.000000  0.000000  0.000000  0.000000  0.000000  0.000000  0.000000  0.000000  0.000000  0.000000  0.000000  0.000000  0.000000  0.000000  0.000000  0.000000  0.000000  0.000000  0.000000  0.000000  0.000000  0.000000  0.000000  0.000000  0.000000  0.000000  0.000000  0.000000  0.000000  0.000000  0.000000  0.000000  0.000000  0.000000  0.000000  0.000000  0.000000  0.000000  0.000000  0.000000  0.000000 
0 fac_commoners Commoners 0 11184810 
 0.000000  0.100000  -0.600000  0.000000  0.000000  0.000000  0.000000  0.000000  0.000000  0.000000  0.000000  0.000000  0.000000  0.200000  0.000000  0.000000  0.000000  0.000000  0.000000  0.000000  0.000000  0.000000  0.000000  -0.200000  -0.200000  0.200000  0.000000  0.000000  0.000000  0.000000  0.000000  0.000000  0.000000  0.000000  0.000000  0.000000  0.000000  0.000000  -0.200000  0.000000  0.000000  -0.200000  -0.200000  0.000000  0.000000  0.000000  0.000000  0.000000  0.000000  0.000000  0.000000  0.000000  0.000000  0.000000  0.000000  0.000000  0.000000  0.000000  0.000000  0.000000  0.000000  0.000000  0.000000  0.000000  0.000000  0.000000  0.000000  0.000000  0.000000  0.000000  0.000000  0.000000  -0.700000  0.000000  0.000000  0.000000 
0 fac_outlaws Outlaws 33280 12320665 
 0.000000  -0.600000  0.500000  0.000000  -0.050000  -0.500000  0.000000  0.000000  0.000000  0.000000  0.000000  0.000000  0.000000  -0.150000  -0.150000  -0.050000  -0.050000  -0.050000  -0.050000  -0.050000  0.000000  -0.050000  0.000000  0.000000  0.000000  0.000000  0.000000  -0.050000  -0.050000  0.000000  -0.050000  -0.050000  -0.050000  -0.050000  -0.050000  -0.050000  -0.200000  -0.050000  -0.050000  -0.050000  0.000000  0.000000  -0.050000  0.000000  -0.050000  -0.050000  -0.050000  -0.050000  -0.050000  -0.050000  -0.050000  -0.050000  -0.050000  -0.050000  -0.050000  -0.050000  -0.050000  -0.050000  -0.050000  -0.050000  -0.050000  -0.050000  -0.050000  -0.150000  0.000000  -0.050000  -0.050000  -0.050000  -0.050000  -0.050000  -0.050000  -0.050000  0.000000  0.000000  0.000000  0.000000 
0 fac_neutral Neutral 0 16777215 
 0.000000  0.000000  0.000000  0.100000  0.000000  0.000000  0.000000  0.000000  0.000000  0.000000  0.000000  0.000000  0.000000  0.000000  0.000000  0.000000  0.000000  0.000000  0.000000  0.000000  0.000000  0.000000  0.000000  0.000000  0.000000  0.000000  0.000000  0.000000  0.000000  0.000000  0.000000  0.000000  0.000000  0.000000  0.000000  0.000000  0.000000  0.000000  0.000000  0.000000  0.000000  0.000000  0.000000  0.000000  0.000000  0.000000  0.000000  0.000000  0.000000  0.000000  0.000000  0.000000  0.000000  0.000000  0.000000  0.000000  0.000000  0.000000  0.000000  0.000000  0.000000  0.000000  0.000000  0.000000  0.000000  0.000000  0.000000  0.000000  0.000000  0.000000  0.000000  0.000000  0.000000  0.000000  0.000000  0.000000 
0 fac_innocents Innocents 1 11184810 
 0.000000  0.000000  -0.050000  0.000000  0.500000  0.000000  -0.900000  0.000000  0.000000  0.000000  0.000000  0.000000  0.000000  0.000000  0.000000  0.000000  0.000000  0.000000  0.000000  0.000000  0.000000  0.000000  0.000000  -0.200000  -0.200000  0.000000  0.000000  0.000000  0.000000  0.000000  0.000000  0.000000  0.000000  0.000000  0.000000  0.000000  0.000000  0.000000  0.000000  0.000000  0.000000  0.000000  -0.200000  0.000000  0.000000  0.000000  0.000000  0.000000  0.000000  0.000000  0.000000  0.000000  0.000000  0.000000  0.000000  0.000000  0.000000  0.000000  0.000000  0.000000  0.000000  0.000000  0.000000  0.000000  0.000000  0.000000  0.000000  0.000000  0.000000  0.000000  0.000000  0.000000  0.000000  0.000000  0.000000  0.000000 
0 fac_merchants Merchants 1 11184810 
 0.000000  0.000000  -0.500000  0.000000  0.000000  0.500000  0.000000  0.000000  0.000000  0.000000  0.000000  0.000000  0.000000  0.000000  0.000000  0.000000  0.000000  0.000000  0.000000  0.000000  0.000000  0.000000  -0.500000  -0.500000  -0.500000  0.000000  -0.500000  0.000000  0.000000  0.000000  0.000000  0.000000  0.000000  0.000000  0.000000  0.000000  0.000000  0.000000  -0.500000  0.000000  -0.500000  -0.500000  0.000000  0.000000  0.000000  0.000000  0.000000  0.000000  0.000000  0.000000  0.000000  0.000000  0.000000  0.000000  0.000000  0.000000  0.000000  0.000000  0.000000  0.000000  0.000000  0.000000  0.000000  0.000000  0.000000  0.000000  0.000000  0.000000  0.000000  0.000000  0.000000  0.000000  0.000000  0.000000  0.000000  0.000000 
0 fac_dark_knights {!}Dark_Knights 0 11184810 
 0.000000  0.000000  0.000000  0.000000  -0.900000  0.000000  0.500000  0.000000  0.000000  0.000000  0.000000  0.000000  0.000000  -0.400000  0.000000  0.000000  0.000000  0.000000  0.000000  0.000000  0.000000  0.000000  0.000000  0.000000  0.000000  0.000000  0.000000  0.000000  0.000000  0.000000  0.000000  0.000000  0.000000  0.000000  0.000000  0.000000  0.000000  0.000000  0.000000  0.000000  0.000000  0.000000  0.000000  0.000000  0.000000  0.000000  0.000000  0.000000  0.000000  0.000000  0.000000  0.000000  0.000000  0.000000  0.000000  0.000000  0.000000  0.000000  0.000000  0.000000  0.000000  0.000000  0.000000  0.000000  0.000000  0.000000  0.000000  0.000000  0.000000  0.000000  0.000000  0.000000  0.000000  0.000000  0.000000  0.000000 
0 fac_culture_1 Sarleon 0 11184810 
 0.000000  0.000000  0.000000  0.000000  0.000000  0.000000  0.000000  0.900000  0.000000  0.000000  0.000000  0.000000  0.000000  0.000000  0.000000  0.000000  0.000000  0.000000  0.000000  0.000000  0.000000  0.000000  0.000000  0.000000  0.000000  0.000000  0.000000  0.000000  0.000000  0.000000  0.000000  0.000000  0.000000  0.000000  0.000000  0.000000  0.000000  0.000000  0.000000  0.000000  0.000000  0.000000  0.000000  0.000000  0.000000  0.000000  0.000000  0.000000  0.000000  0.000000  0.000000  0.000000  0.000000  0.000000  0.000000  0.000000  0.000000  0.000000  0.000000  0.000000  0.000000  0.000000  0.000000  0.000000  0.000000  0.000000  0.000000  0.000000  0.000000  0.000000  0.000000  0.000000  0.000000  0.000000  0.000000  0.000000 
0 fac_culture_2 Ravenstern 0 11184810 
 0.000000  0.000000  0.000000  0.000000  0.000000  0.000000  0.000000  0.000000  0.900000  0.000000  0.000000  0.000000  0.000000  0.000000  0.000000  0.000000  0.000000  0.000000  0.000000  0.000000  0.000000  0.000000  0.000000  0.000000  0.000000  0.000000  0.000000  0.000000  0.000000  0.000000  0.000000  0.000000  0.000000  0.000000  0.000000  0.000000  0.000000  0.000000  0.000000  0.000000  0.000000  0.000000  0.000000  0.000000  0.000000  0.000000  0.000000  0.000000  0.000000  0.000000  0.000000  0.000000  0.000000  0.000000  0.000000  0.000000  0.000000  0.000000  0.000000  0.000000  0.000000  0.000000  0.000000  0.000000  0.000000  0.000000  0.000000  0.000000  0.000000  0.000000  0.000000  0.000000  0.000000  0.000000  0.000000  0.000000 
0 fac_culture_3 The_D'Shar 0 11184810 
 0.000000  0.000000  0.000000  0.000000  0.000000  0.000000  0.000000  0.000000  0.000000  0.900000  0.000000  0.000000  0.000000  0.000000  0.000000  0.000000  0.000000  0.000000  0.000000  0.000000  0.000000  0.000000  0.000000  0.000000  0.000000  0.000000  0.000000  0.000000  0.000000  0.000000  0.000000  0.000000  0.000000  0.000000  0.000000  0.000000  0.000000  0.000000  0.000000  0.000000  0.000000  0.000000  0.000000  0.000000  0.000000  0.000000  0.000000  0.000000  0.000000  0.000000  0.000000  0.000000  0.000000  0.000000  0.000000  0.000000  0.000000  0.000000  0.000000  0.000000  0.000000  0.000000  0.000000  0.000000  0.000000  0.000000  0.000000  0.000000  0.000000  0.000000  0.000000  0.000000  0.000000  0.000000  0.000000  0.000000 
0 fac_culture_4 The_Fierdsvain 0 11184810 
 0.000000  0.000000  0.000000  0.000000  0.000000  0.000000  0.000000  0.000000  0.000000  0.000000  0.900000  0.000000  0.000000  0.000000  0.000000  0.000000  0.000000  0.000000  0.000000  0.000000  0.000000  0.000000  0.000000  0.000000  0.000000  0.000000  0.000000  0.000000  0.000000  0.000000  0.000000  0.000000  0.000000  0.000000  0.000000  0.000000  0.000000  0.000000  0.000000  0.000000  0.000000  0.000000  0.000000  0.000000  0.000000  0.000000  0.000000  0.000000  0.000000  0.000000  0.000000  0.000000  0.000000  0.000000  0.000000  0.000000  0.000000  0.000000  0.000000  0.000000  0.000000  0.000000  0.000000  0.000000  0.000000  0.000000  0.000000  0.000000  0.000000  0.000000  0.000000  0.000000  0.000000  0.000000  0.000000  0.000000 
0 fac_culture_5 The_Baccus_Empire 0 11184810 
 0.000000  0.000000  0.000000  0.000000  0.000000  0.000000  0.000000  0.000000  0.000000  0.000000  0.000000  0.900000  0.000000  0.000000  0.000000  0.000000  0.000000  0.000000  0.000000  0.000000  0.000000  0.000000  0.000000  0.000000  0.000000  0.000000  0.000000  0.000000  0.000000  0.000000  0.000000  0.000000  0.000000  0.000000  0.000000  0.000000  0.000000  0.000000  0.000000  0.000000  0.000000  0.000000  0.000000  0.000000  0.000000  0.000000  0.000000  0.000000  0.000000  0.000000  0.000000  0.000000  0.000000  0.000000  0.000000  0.000000  0.000000  0.000000  0.000000  0.000000  0.000000  0.000000  0.000000  0.000000  0.000000  0.000000  0.000000  0.000000  0.000000  0.000000  0.000000  0.000000  0.000000  0.000000  0.000000  0.000000 
0 fac_culture_6 The_Old_Kings 0 11184810 
 0.000000  0.000000  0.000000  0.000000  0.000000  0.000000  0.000000  0.000000  0.000000  0.000000  0.000000  0.000000  0.900000  0.000000  0.000000  0.000000  0.000000  0.000000  0.000000  0.000000  0.000000  0.000000  0.000000  0.000000  0.000000  0.000000  0.000000  0.000000  0.000000  0.000000  0.000000  0.000000  0.000000  0.000000  0.000000  0.000000  0.000000  0.000000  0.000000  0.000000  0.000000  0.000000  0.000000  0.000000  0.000000  0.000000  0.000000  0.000000  0.000000  0.000000  0.000000  0.000000  0.000000  0.000000  0.000000  0.000000  0.000000  0.000000  0.000000  0.000000  0.000000  0.000000  0.000000  0.000000  0.000000  0.000000  0.000000  0.000000  0.000000  0.000000  0.000000  0.000000  0.000000  0.000000  0.000000  0.000000 
0 fac_player_faction Player_Faction 0 11184810 
 0.000000  0.200000  -0.150000  0.000000  0.000000  0.000000  -0.400000  0.000000  0.000000  0.000000  0.000000  0.000000  0.000000  0.900000  1.000000  0.000000  0.000000  0.000000  0.000000  0.000000  0.000000  0.100000  -0.320000  -0.200000  -0.100000  -0.500000  -0.200000  -0.300000  -0.100000  -0.500000  -0.100000  -0.100000  -0.100000  -0.100000  -0.100000  -0.200000  -0.100000  -0.200000  -0.200000  -0.200000  -0.300000  -0.500000  -0.400000  0.000000  0.000000  0.000000  0.000000  0.000000  0.000000  0.000000  0.000000  0.000000  0.000000  0.000000  -0.100000  -0.100000  0.000000  0.000000  -0.400000  0.000000  0.000000  0.000000  0.000000  1.000000  0.000000  0.000000  0.000000  0.000000  0.000000  0.000000  0.000000  0.000000  -0.500000  0.000000  -0.100000  0.000000 
0 fac_player_supporters_faction Kingdom_of_Pendor 0 11184810 
 0.000000  0.000000  -0.150000  0.000000  0.000000  0.000000  0.000000  0.000000  0.000000  0.000000  0.000000  0.000000  0.000000  1.000000  0.900000  0.000000  0.000000  0.000000  0.000000  0.000000  0.000000  0.100000  -0.200000  -0.200000  -0.100000  -0.500000  -0.200000  -0.300000  -0.100000  -0.800000  -0.100000  -0.100000  -0.100000  -0.100000  -0.100000  -0.200000  -0.100000  -0.200000  -0.200000  -0.200000  -0.300000  -0.500000  -0.400000  0.000000  0.000000  0.000000  0.000000  0.000000  0.000000  0.200000  0.000000  0.000000  0.200000  0.000000  -0.100000  -0.100000  0.000000  0.000000  -0.400000  0.000000  0.000000  0.000000  0.000000  1.000000  0.000000  0.000000  0.000000  0.000000  0.000000  0.000000  0.000000  0.000000  0.000000  0.000000  -0.100000  0.000000 
0 fac_kingdom_1 Kingdom_of_Sarleon 0 14356246 
 0.000000  0.000000  -0.050000  0.000000  0.000000  0.000000  0.000000  0.000000  0.000000  0.000000  0.000000  0.000000  0.000000  0.000000  0.000000  0.900000  0.000000  0.000000  0.000000  0.000000  0.000000  0.000000  -0.200000  -0.200000  -0.100000  -0.500000  -0.500000  -0.300000  -0.100000  0.000000  -0.100000  -0.100000  -0.100000  -0.500000  -0.100000  -0.200000  0.000000  -0.200000  -0.200000  -0.200000  -0.500000  -0.500000  -0.200000  0.000000  -0.200000  0.500000  0.000000  0.000000  0.000000  0.000000  0.000000  0.000000  0.200000  0.200000  0.000000  0.000000  0.000000  0.000000  0.000000  0.000000  0.000000  0.000000  0.000000  0.000000  0.000000  0.000000  0.000000  0.000000  0.000000  0.000000  0.000000  0.000000  0.000000  0.000000  -0.100000  0.000000 
0 fac_kingdom_2 Kingdom_of_Ravenstern 0 1726646 
 0.000000  0.000000  -0.050000  0.000000  0.000000  0.000000  0.000000  0.000000  0.000000  0.000000  0.000000  0.000000  0.000000  0.000000  0.000000  0.000000  0.900000  0.000000  0.000000  0.000000  0.000000  0.000000  -0.200000  -0.200000  -0.100000  -0.500000  -0.500000  -0.300000  -0.100000  0.000000  -0.100000  -0.100000  -0.100000  -0.500000  -0.100000  -0.200000  0.300000  -0.200000  -0.200000  -0.200000  -0.500000  -0.500000  -0.200000  0.000000  0.500000  -0.500000  0.000000  0.000000  0.000000  0.000000  0.200000  0.500000  0.200000  0.000000  0.000000  0.000000  0.000000  0.000000  0.000000  0.000000  0.000000  0.000000  0.000000  0.000000  0.000000  0.000000  0.000000  0.000000  0.000000  0.000000  0.000000  0.000000  0.000000  0.000000  -0.100000  0.000000 
0 fac_kingdom_3 D'Shar_Principalities 0 8018725 
 0.000000  0.000000  -0.050000  0.000000  0.000000  0.000000  0.000000  0.000000  0.000000  0.000000  0.000000  0.000000  0.000000  0.000000  0.000000  0.000000  0.000000  0.900000  0.000000  0.000000  0.000000  0.000000  -0.200000  -0.200000  -0.100000  -0.500000  -0.500000  -0.300000  -0.100000  0.000000  -0.100000  -0.100000  -0.100000  -0.500000  -0.100000  -0.200000  -0.300000  -0.200000  -0.200000  -0.200000  0.500000  -0.500000  -0.200000  -0.300000  0.000000  0.000000  0.000000  0.500000  0.000000  0.000000  0.000000  0.000000  0.200000  0.000000  0.000000  0.000000  0.000000  0.000000  0.200000  0.000000  0.000000  0.500000  0.000000  0.000000  0.000000  0.000000  0.000000  0.000000  0.000000  0.000000  0.000000  0.000000  0.000000  0.000000  -0.100000  0.000000 
0 fac_kingdom_4 Fierdsvain 0 2529536 
 0.000000  0.000000  -0.050000  0.000000  0.000000  0.000000  0.000000  0.000000  0.000000  0.000000  0.000000  0.000000  0.000000  0.000000  0.000000  0.000000  0.000000  0.000000  0.900000  0.000000  0.000000  0.000000  -0.200000  -0.200000  -0.100000  -0.500000  -0.500000  -0.300000  -0.100000  0.000000  -0.100000  -0.100000  -0.100000  -0.500000  -0.100000  -0.200000  0.300000  -0.200000  -0.200000  -0.200000  -0.500000  -0.500000  -0.200000  0.000000  0.000000  0.000000  0.000000  0.000000  0.500000  0.000000  0.000000  0.000000  0.200000  0.000000  0.200000  0.000000  0.000000  0.000000  0.000000  0.000000  0.000000  0.000000  0.200000  0.000000  0.000000  0.000000  0.000000  0.000000  0.000000  0.000000  0.000000  0.000000  0.000000  0.000000  -0.100000  0.000000 
0 fac_kingdom_5 Baccus_Empire 0 16768512 
 0.000000  0.000000  -0.050000  0.000000  0.000000  0.000000  0.000000  0.000000  0.000000  0.000000  0.000000  0.000000  0.000000  0.000000  0.000000  0.000000  0.000000  0.000000  0.000000  0.900000  0.000000  0.000000  -0.200000  -0.200000  -0.100000  -0.500000  -0.500000  -0.300000  -0.100000  0.000000  -0.100000  -0.100000  -0.100000  -0.500000  -0.100000  -0.200000  0.000000  -0.200000  -0.200000  -0.200000  -0.500000  -0.500000  -0.200000  0.000000  0.000000  0.000000  0.500000  0.000000  0.000000  0.000000  0.000000  0.000000  0.200000  0.200000  0.000000  0.000000  0.000000  0.000000  0.000000  0.000000  0.000000  0.000000  0.000000  0.000000  0.000000  0.000000  0.000000  0.000000  0.000000  0.000000  0.000000  0.000000  0.000000  0.000000  -0.100000  0.000000 
0 fac_kingdoms_end {!}kingdoms_end 0 11184810 
 0.000000  0.000000  0.000000  0.000000  0.000000  0.000000  0.000000  0.000000  0.000000  0.000000  0.000000  0.000000  0.000000  0.000000  0.000000  0.000000  0.000000  0.000000  0.000000  0.000000  0.000000  0.000000  0.000000  0.000000  0.000000  0.000000  0.000000  0.000000  0.000000  0.000000  0.000000  0.000000  0.000000  0.000000  0.000000  0.000000  0.000000  0.000000  0.000000  0.000000  0.000000  0.000000  0.000000  0.000000  0.000000  0.000000  0.000000  0.000000  0.000000  0.000000  0.000000  0.000000  0.000000  0.000000  0.000000  0.000000  0.000000  0.000000  0.000000  0.000000  0.000000  0.000000  0.000000  0.000000  0.000000  0.000000  0.000000  0.000000  0.000000  0.000000  0.000000  0.000000  0.000000  0.000000  0.000000  0.000000 
0 fac_militia militia 0 15787660 
 0.000000  0.000000  -0.050000  0.000000  0.000000  0.000000  0.000000  0.000000  0.000000  0.000000  0.000000  0.000000  0.000000  0.100000  0.100000  0.000000  0.000000  0.000000  0.000000  0.000000  0.000000  0.600000  -0.600000  -0.600000  -0.600000  -0.500000  -0.500000  -0.500000  0.000000  0.000000  0.000000  0.000000  0.000000  -0.500000  -0.200000  -0.200000  0.000000  -0.500000  -0.200000  -0.500000  -0.500000  -0.500000  -0.500000  0.000000  0.000000  0.000000  0.000000  0.000000  0.000000  0.000000  0.000000  0.000000  0.000000  0.000000  0.000000  0.000000  0.000000  0.000000  0.000000  0.000000  0.000000  0.000000  0.000000  0.100000  0.000000  0.000000  0.000000  0.000000  0.000000  0.000000  0.000000  0.000000  0.000000  0.000000  -0.100000  0.000000 
0 fac_deserters Deserters 0 15787660 
 0.000000  0.000000  0.000000  0.000000  0.000000  -0.500000  0.000000  0.000000  0.000000  0.000000  0.000000  0.000000  0.000000  -0.320000  -0.200000  -0.200000  -0.200000  -0.200000  -0.200000  -0.200000  0.000000  -0.600000  0.200000  0.000000  0.000000  0.000000  0.000000  -0.200000  -0.200000  0.000000  -0.200000  -0.200000  -0.200000  -0.200000  -0.200000  -0.200000  -0.600000  -0.200000  -0.200000  -0.200000  -0.500000  -0.300000  -0.200000  0.000000  -0.200000  -0.200000  -0.200000  -0.200000  -0.200000  -0.200000  -0.200000  -0.200000  -0.200000  -0.200000  -0.200000  -0.200000  -0.200000  -0.200000  -0.200000  -0.200000  -0.200000  -0.200000  -0.200000  -0.200000  0.000000  -0.200000  -0.200000  -0.200000  -0.200000  -0.200000  -0.200000  -0.200000  0.000000  0.000000  0.000000  0.000000 
0 fac_mountain_bandits Mystmountain_Bandits 0 14322279 
 0.000000  -0.200000  0.000000  0.000000  -0.200000  -0.500000  0.000000  0.000000  0.000000  0.000000  0.000000  0.000000  0.000000  -0.200000  -0.200000  -0.200000  -0.200000  -0.200000  -0.200000  -0.200000  0.000000  -0.600000  0.000000  0.500000  0.000000  0.000000  0.000000  -0.200000  -0.200000  0.000000  -0.200000  -0.200000  -0.200000  -0.200000  -0.200000  -0.200000  0.000000  -0.200000  -0.200000  0.000000  0.000000  0.000000  -0.200000  0.000000  -0.200000  -0.200000  -0.200000  -0.200000  -0.200000  -0.200000  -0.200000  -0.200000  -0.200000  -0.200000  -0.200000  -0.200000  -0.200000  -0.200000  -0.200000  -0.200000  -0.200000  -0.200000  -0.200000  -0.200000  0.000000  -0.200000  -0.200000  -0.200000  -0.200000  -0.200000  -0.200000  -0.200000  0.000000  0.000000  0.000000  0.000000 
0 fac_forest_bandits Forest_Bandits 0 7048739 
 0.000000  -0.200000  0.000000  0.000000  -0.200000  -0.500000  0.000000  0.000000  0.000000  0.000000  0.000000  0.000000  0.000000  -0.100000  -0.100000  -0.100000  -0.100000  -0.100000  -0.100000  -0.100000  0.000000  -0.600000  0.000000  0.000000  0.400000  0.000000  0.000000  -0.100000  -0.100000  0.000000  -0.100000  -0.100000  -0.100000  -0.100000  -0.100000  -0.100000  -0.200000  -0.100000  -0.100000  -0.100000  0.000000  0.000000  -0.100000  0.000000  -0.100000  -0.100000  -0.100000  -0.100000  -0.100000  -0.100000  -0.100000  -0.100000  -0.100000  -0.100000  -0.100000  -0.100000  -0.100000  -0.100000  -0.100000  -0.100000  -0.100000  -0.100000  -0.100000  -0.100000  0.000000  -0.100000  -0.100000  -0.100000  -0.100000  -0.100000  -0.100000  -0.100000  0.000000  0.000000  0.000000  0.000000 
0 fac_rebel_peasants Rebel_Peasants 0 15628032 
 0.000000  0.200000  0.000000  0.000000  0.000000  0.000000  0.000000  0.000000  0.000000  0.000000  0.000000  0.000000  0.000000  -0.500000  -0.500000  -0.500000  -0.500000  -0.500000  -0.500000  -0.500000  0.000000  -0.500000  0.000000  0.000000  0.000000  0.500000  0.000000  0.000000  0.000000  0.000000  0.000000  0.000000  0.000000  0.000000  0.000000  0.000000  0.000000  0.000000  0.000000  0.000000  0.000000  0.000000  0.000000  0.000000  0.000000  0.000000  0.000000  0.000000  0.000000  0.000000  0.000000  0.000000  0.000000  0.000000  0.000000  0.000000  0.000000  0.000000  0.000000  0.000000  0.000000  0.000000  0.000000  0.000000  0.000000  0.000000  0.000000  0.000000  0.000000  0.000000  0.000000  0.000000  0.000000  0.000000  0.000000  0.000000 
0 fac_dshar_raiders D'Shar_Raiders 0 16754253 
 0.000000  0.000000  0.000000  0.000000  0.000000  -0.500000  0.000000  0.000000  0.000000  0.000000  0.000000  0.000000  0.000000  -0.200000  -0.200000  -0.500000  -0.500000  -0.500000  -0.500000  -0.500000  0.000000  -0.500000  0.000000  0.000000  0.000000  0.000000  0.300000  -0.100000  -0.100000  0.000000  -0.100000  -0.100000  -0.100000  -0.100000  -0.100000  -0.100000  -0.200000  -0.100000  -0.100000  -0.100000  0.000000  0.000000  -0.100000  0.000000  -0.100000  -0.100000  -0.100000  -0.100000  -0.100000  -0.100000  -0.100000  -0.100000  -0.100000  -0.100000  -0.100000  -0.100000  -0.100000  -0.100000  -0.100000  -0.100000  -0.100000  -0.100000  -0.100000  -0.100000  0.000000  -0.100000  -0.100000  -0.100000  -0.100000  -0.100000  -0.100000  -0.100000  0.000000  0.000000  0.000000  0.000000 
0 fac_noldor_elves Noldor 0 245820 
 0.000000  0.000000  -0.050000  0.000000  0.000000  0.000000  0.000000  0.000000  0.000000  0.000000  0.000000  0.000000  0.000000  -0.300000  -0.300000  -0.300000  -0.300000  -0.300000  -0.300000  -0.300000  0.000000  -0.500000  -0.200000  -0.200000  -0.100000  0.000000  -0.100000  0.200000  -0.200000  0.000000  -0.200000  -0.200000  -0.100000  -0.300000  -0.300000  -0.300000  -0.300000  -0.500000  -0.300000  -0.300000  -0.300000  -0.300000  -0.300000  -0.100000  -0.300000  -0.300000  -0.300000  -0.300000  -0.300000  -0.300000  -0.300000  -0.300000  -0.300000  -0.300000  -0.300000  -0.700000  -0.300000  0.300000  -0.300000  -0.200000  -0.200000  -0.300000  -0.300000  -0.300000  0.000000  -0.300000  -0.300000  -0.300000  -0.300000  -0.300000  -0.300000  -0.300000  0.000000  0.000000  -0.100000  0.000000 
0 fac_barclay Barclay 0 15787660 
 0.000000  0.000000  -0.050000  0.000000  0.000000  0.000000  0.000000  0.000000  0.000000  0.000000  0.000000  0.000000  0.000000  -0.100000  -0.100000  -0.100000  -0.100000  -0.100000  -0.100000  -0.100000  0.000000  0.000000  -0.200000  -0.200000  -0.100000  0.000000  -0.100000  -0.200000  0.100000  0.000000  -0.200000  -0.200000  -0.200000  -0.500000  -0.200000  -0.200000  -0.200000  -0.200000  -0.200000  -0.200000  -0.500000  -0.500000  -0.200000  0.000000  0.000000  -0.200000  0.000000  0.000000  0.000000  0.000000  0.000000  0.000000  0.000000  0.000000  0.000000  0.000000  0.000000  0.000000  -0.200000  0.000000  0.000000  0.000000  0.000000  0.000000  0.000000  -0.100000  -0.100000  -0.100000  -0.100000  -0.100000  -0.100000  -0.100000  0.000000  0.000000  -0.100000  0.000000 
0 fac_cb5_background Background_enemies 0 13395660 
 0.000000  0.000000  0.000000  0.000000  0.000000  0.000000  0.000000  0.000000  0.000000  0.000000  0.000000  0.000000  0.000000  -0.500000  -0.800000  0.000000  0.000000  0.000000  0.000000  0.000000  0.000000  0.000000  0.000000  0.000000  0.000000  0.000000  0.000000  0.000000  0.000000  0.100000  0.000000  0.000000  0.000000  0.000000  0.000000  0.000000  0.000000  0.000000  0.000000  0.000000  0.000000  0.000000  0.000000  0.000000  0.000000  0.000000  0.000000  0.000000  0.000000  0.000000  0.000000  0.000000  0.000000  0.000000  0.000000  0.000000  0.000000  0.000000  0.000000  0.000000  0.000000  0.000000  0.000000  -0.800000  0.000000  0.000000  0.000000  0.000000  0.000000  0.000000  0.000000  0.000000  0.000000  0.000000  0.000000  0.000000 
0 fac_mettenheim Mettenheim 0 16764006 
 0.000000  0.000000  -0.050000  0.000000  0.000000  0.000000  0.000000  0.000000  0.000000  0.000000  0.000000  0.000000  0.000000  -0.100000  -0.100000  -0.100000  -0.100000  -0.100000  -0.100000  -0.100000  0.000000  0.000000  -0.200000  -0.200000  -0.100000  0.000000  -0.100000  -0.200000  -0.200000  0.000000  0.200000  0.000000  0.000000  -0.500000  -0.200000  -0.200000  -0.400000  -0.200000  -0.200000  -0.200000  -0.500000  -0.500000  -0.200000  0.000000  0.000000  -0.200000  0.000000  0.000000  0.000000  0.000000  0.000000  0.000000  0.000000  0.000000  0.000000  0.000000  0.000000  0.000000  -0.200000  0.000000  0.000000  0.000000  0.000000  0.000000  0.000000  -0.100000  -0.100000  -0.100000  -0.100000  -0.100000  -0.100000  -0.100000  0.000000  0.000000  -0.100000  0.000000 
0 fac_veccavia Veccavia 0 65433 
 0.000000  0.000000  -0.050000  0.000000  0.000000  0.000000  0.000000  0.000000  0.000000  0.000000  0.000000  0.000000  0.000000  -0.100000  -0.100000  -0.100000  -0.100000  -0.100000  -0.100000  -0.100000  0.000000  0.000000  -0.200000  -0.200000  -0.100000  0.000000  -0.100000  -0.200000  -0.200000  0.000000  0.000000  0.200000  0.000000  -0.500000  0.000000  -0.200000  0.000000  -0.200000  -0.200000  -0.200000  -0.500000  -0.500000  -0.200000  0.000000  0.000000  -0.200000  0.000000  0.000000  0.200000  0.000000  0.200000  0.000000  0.000000  0.000000  0.000000  0.000000  0.000000  0.000000  -0.200000  0.000000  0.000000  0.000000  0.000000  0.000000  0.000000  -0.100000  -0.100000  -0.100000  -0.100000  -0.100000  -0.100000  -0.100000  0.000000  0.000000  -0.100000  0.000000 
0 fac_melitine Melitine_Empire 0 12080835 
 0.000000  0.000000  -0.050000  0.000000  0.000000  0.000000  0.000000  0.000000  0.000000  0.000000  0.000000  0.000000  0.000000  -0.100000  -0.100000  -0.100000  -0.100000  -0.100000  -0.100000  -0.100000  0.000000  0.000000  -0.200000  -0.200000  -0.100000  0.000000  -0.100000  -0.100000  -0.200000  0.000000  0.000000  0.000000  0.100000  -0.500000  -0.200000  -0.200000  0.000000  -0.200000  -0.200000  -0.200000  -0.100000  -0.500000  -0.200000  0.000000  0.000000  0.000000  0.000000  0.000000  0.000000  0.000000  0.000000  0.000000  0.000000  0.000000  0.000000  0.000000  0.000000  0.000000  -0.200000  0.000000  0.000000  0.000000  0.000000  0.000000  0.000000  -0.100000  -0.100000  -0.100000  -0.100000  -0.100000  -0.100000  -0.100000  0.000000  0.000000  -0.100000  0.000000 
0 fac_vanskerry Vanskerry_Raiders 0 45958 
 0.000000  0.000000  -0.050000  0.000000  0.000000  0.000000  0.000000  0.000000  0.000000  0.000000  0.000000  0.000000  0.000000  -0.100000  -0.100000  -0.500000  -0.500000  -0.500000  -0.500000  -0.500000  0.000000  -0.500000  -0.200000  -0.200000  -0.100000  0.000000  -0.100000  -0.300000  -0.500000  0.000000  -0.500000  -0.500000  -0.500000  0.500000  -0.500000  -0.500000  0.000000  -0.500000  -0.500000  -0.500000  -0.200000  -0.500000  -0.500000  0.000000  -0.500000  -0.500000  -0.500000  -0.500000  -0.500000  -0.500000  -0.500000  -0.500000  -0.500000  -0.500000  -0.500000  -0.500000  -0.500000  -0.500000  -0.500000  -0.500000  -0.500000  -0.500000  -0.500000  -0.100000  0.000000  -0.500000  -0.500000  -0.500000  -0.500000  -0.500000  -0.500000  -0.500000  0.000000  0.000000  -0.100000  0.000000 
0 fac_adventurers Adventurer_Companies 0 8884412 
 0.000000  0.000000  -0.050000  0.000000  0.000000  0.000000  0.000000  0.000000  0.000000  0.000000  0.000000  0.000000  0.000000  -0.100000  -0.100000  -0.100000  -0.100000  -0.100000  -0.100000  -0.100000  0.000000  -0.200000  -0.200000  -0.200000  -0.100000  0.000000  -0.100000  -0.300000  -0.200000  0.000000  -0.200000  0.000000  -0.200000  -0.500000  0.300000  -0.100000  -0.200000  -0.200000  -0.200000  -0.200000  -0.200000  -0.500000  -0.200000  0.000000  0.000000  0.000000  0.000000  0.000000  0.000000  0.000000  0.000000  0.000000  0.000000  0.000000  0.000000  0.000000  0.000000  0.000000  0.000000  0.000000  0.000000  0.000000  0.000000  -0.100000  0.000000  -0.100000  -0.100000  -0.100000  -0.100000  -0.100000  -0.100000  -0.100000  0.000000  0.000000  -0.100000  0.000000 
0 fac_robber_knights Rogue_Knights 0 12931923 
 0.000000  0.000000  -0.050000  0.000000  0.000000  0.000000  0.000000  0.000000  0.000000  0.000000  0.000000  0.000000  0.000000  -0.200000  -0.200000  -0.200000  -0.200000  -0.200000  -0.200000  -0.200000  0.000000  -0.200000  -0.200000  -0.200000  -0.100000  0.000000  -0.100000  -0.300000  -0.200000  0.000000  -0.200000  -0.200000  -0.200000  -0.500000  -0.100000  0.200000  -0.200000  -0.200000  -0.200000  -0.200000  -0.100000  -0.500000  -0.200000  0.000000  -0.200000  -0.200000  -0.200000  -0.200000  -0.200000  -0.200000  -0.200000  -0.200000  -0.200000  -0.200000  -0.200000  -0.200000  -0.200000  -0.200000  -0.200000  -0.200000  -0.200000  -0.200000  -0.200000  -0.200000  0.000000  -0.200000  -0.200000  -0.200000  -0.200000  -0.200000  -0.200000  -0.200000  0.000000  0.000000  -0.100000  0.000000 
0 fac_mett_renegades Mettenheim_Renegades 0 16750899 
 0.000000  0.000000  -0.200000  0.000000  0.000000  0.000000  0.000000  0.000000  0.000000  0.000000  0.000000  0.000000  0.000000  -0.100000  -0.100000  0.000000  0.300000  -0.300000  0.300000  0.000000  0.000000  0.000000  -0.600000  0.000000  -0.200000  0.000000  -0.200000  -0.300000  -0.200000  0.000000  -0.400000  0.000000  0.000000  0.000000  -0.200000  -0.200000  0.500000  -0.200000  -0.200000  -0.200000  -0.100000  -0.200000  -0.200000  0.000000  0.100000  0.000000  0.100000  0.000000  0.000000  0.000000  0.000000  0.000000  0.100000  0.000000  0.100000  0.000000  0.000000  0.000000  -0.200000  0.000000  0.000000  0.000000  0.000000  0.000000  0.000000  0.000000  0.000000  0.000000  0.000000  0.000000  0.000000  0.000000  0.000000  0.000000  0.000000  0.000000 
0 fac_jatu Jatu 0 11683369 
 0.000000  0.000000  -0.050000  0.000000  0.000000  0.000000  0.000000  0.000000  0.000000  0.000000  0.000000  0.000000  0.000000  -0.200000  -0.200000  -0.200000  -0.200000  -0.200000  -0.200000  -0.200000  0.000000  -0.500000  -0.200000  -0.200000  -0.100000  0.000000  -0.100000  -0.500000  -0.200000  0.000000  -0.200000  -0.200000  -0.200000  -0.500000  -0.200000  -0.200000  -0.200000  0.800000  -0.200000  -0.200000  -0.200000  -0.500000  -0.200000  -0.200000  -0.200000  -0.200000  -0.200000  -0.200000  -0.200000  -0.200000  -0.200000  -0.200000  -0.200000  -0.200000  -0.200000  -0.200000  -0.200000  -0.200000  -0.200000  -0.200000  -0.200000  -0.200000  -0.200000  -0.300000  0.000000  -0.200000  -0.200000  -0.200000  -0.200000  -0.200000  -0.200000  -0.200000  0.000000  0.000000  -0.100000  0.000000 
0 fac_red_brotherhood Red_Brotherhood 0 10027008 
 0.000000  -0.200000  -0.050000  0.000000  0.000000  -0.500000  0.000000  0.000000  0.000000  0.000000  0.000000  0.000000  0.000000  -0.200000  -0.200000  -0.200000  -0.200000  -0.200000  -0.200000  -0.200000  0.000000  -0.200000  -0.200000  -0.200000  -0.100000  0.000000  -0.100000  -0.300000  -0.200000  0.000000  -0.200000  -0.200000  -0.200000  -0.500000  -0.200000  -0.200000  -0.200000  -0.200000  0.200000  -0.200000  -0.200000  -0.500000  -0.200000  0.000000  -0.200000  -0.200000  -0.200000  -0.200000  -0.200000  -0.200000  -0.200000  -0.200000  -0.200000  -0.200000  -0.200000  -0.200000  -0.200000  -0.200000  -0.200000  -0.200000  -0.200000  -0.200000  -0.200000  -0.200000  0.000000  -0.200000  -0.200000  -0.200000  -0.200000  -0.200000  -0.200000  -0.200000  0.000000  0.000000  -0.100000  0.000000 
0 fac_mystmountain Mystmountain_Tribes 0 16740416 
 0.000000  0.000000  -0.050000  0.000000  0.000000  0.000000  0.000000  0.000000  0.000000  0.000000  0.000000  0.000000  0.000000  -0.200000  -0.200000  -0.200000  -0.200000  -0.200000  -0.200000  -0.200000  0.000000  -0.500000  -0.200000  0.000000  -0.100000  0.000000  -0.100000  -0.300000  -0.200000  0.000000  -0.200000  -0.200000  -0.200000  -0.500000  -0.200000  -0.200000  -0.200000  -0.200000  -0.200000  0.200000  -0.200000  -0.200000  -0.200000  0.000000  -0.200000  -0.200000  -0.200000  -0.200000  -0.200000  -0.200000  -0.200000  -0.200000  -0.200000  -0.200000  -0.200000  -0.200000  -0.200000  -0.200000  -0.200000  -0.200000  -0.200000  -0.200000  -0.200000  0.000000  0.000000  -0.200000  -0.200000  -0.200000  -0.200000  -0.200000  -0.200000  -0.200000  0.000000  0.000000  -0.100000  0.000000 
0 fac_singalians Singalians 0 10379360 
 0.000000  0.000000  0.000000  0.000000  0.000000  -0.500000  0.000000  0.000000  0.000000  0.000000  0.000000  0.000000  0.000000  -0.300000  -0.300000  -0.500000  -0.500000  0.500000  -0.500000  -0.500000  0.000000  -0.500000  -0.500000  0.000000  0.000000  0.000000  0.000000  -0.300000  -0.500000  0.000000  -0.500000  -0.500000  -0.100000  -0.200000  -0.200000  -0.100000  -0.100000  -0.200000  -0.200000  -0.200000  0.200000  0.000000  -0.200000  0.000000  -0.200000  -0.200000  -0.200000  -0.500000  -0.200000  -0.200000  -0.200000  -0.200000  -0.200000  -0.200000  -0.200000  -0.200000  -0.200000  -0.200000  0.300000  -0.200000  -0.200000  0.500000  -0.200000  -0.200000  0.000000  0.000000  0.000000  0.000000  0.000000  0.000000  0.000000  0.000000  0.000000  0.000000  0.000000  0.000000 
0 fac_heretics Heretics 0 5314684 
 0.000000  -0.200000  0.000000  0.000000  0.000000  -0.500000  0.000000  0.000000  0.000000  0.000000  0.000000  0.000000  0.000000  -0.500000  -0.500000  -0.500000  -0.500000  -0.500000  -0.500000  -0.500000  0.000000  -0.500000  -0.300000  0.000000  0.000000  0.000000  0.000000  -0.300000  -0.500000  0.000000  -0.500000  -0.500000  -0.500000  -0.500000  -0.500000  -0.500000  -0.200000  -0.500000  -0.500000  -0.200000  0.000000  0.500000  -0.500000  -1.000000  -0.500000  -0.500000  -0.500000  -0.500000  -0.500000  -0.500000  -0.500000  -0.500000  -0.500000  -0.500000  -0.500000  -0.500000  -0.500000  -0.500000  -0.500000  -0.500000  -0.500000  -0.500000  -0.500000  -0.500000  0.000000  -0.400000  -0.400000  -0.400000  -0.400000  -0.400000  -0.400000  -0.400000  0.000000  0.000000  0.000000  0.000000 
0 fac_snake_cult Snake_Cult 33280 4161536 
 0.000000  -0.200000  -0.050000  0.000000  -0.200000  0.000000  0.000000  0.000000  0.000000  0.000000  0.000000  0.000000  0.000000  -0.400000  -0.400000  -0.200000  -0.200000  -0.200000  -0.200000  -0.200000  0.000000  -0.500000  -0.200000  -0.200000  -0.100000  0.000000  -0.100000  -0.300000  -0.200000  0.000000  -0.200000  -0.200000  -0.200000  -0.500000  -0.200000  -0.200000  -0.200000  -0.200000  -0.200000  -0.200000  -0.200000  -0.500000  0.200000  -0.200000  -0.200000  -0.200000  -0.200000  -0.200000  -0.200000  -0.200000  -0.200000  -0.200000  -0.200000  -0.200000  -0.200000  -0.200000  -0.200000  -0.200000  -0.200000  -0.700000  -0.700000  -0.200000  -0.200000  -0.400000  0.000000  -0.200000  -0.200000  -0.200000  -0.200000  -0.200000  -0.200000  -0.200000  0.000000  0.000000  -0.100000  0.000000 
0 fac_inquisition Inquisition 0 16777215 
 0.000000  0.000000  0.000000  0.000000  0.000000  0.000000  0.000000  0.000000  0.000000  0.000000  0.000000  0.000000  0.000000  0.000000  0.000000  0.000000  0.000000  -0.300000  0.000000  0.000000  0.000000  0.000000  0.000000  0.000000  0.000000  0.000000  0.000000  -0.100000  0.000000  0.000000  0.000000  0.000000  0.000000  0.000000  0.000000  0.000000  0.000000  -0.200000  0.000000  0.000000  0.000000  -1.000000  -0.200000  0.500000  0.000000  0.000000  0.000000  -0.300000  0.000000  0.000000  0.000000  0.000000  0.000000  0.000000  0.300000  0.000000  0.000000  0.000000  -0.100000  0.000000  0.000000  -0.200000  0.000000  0.000000  0.000000  0.000000  0.000000  0.000000  0.000000  0.000000  0.000000  0.000000  0.000000  0.000000  0.000000  0.000000 
0 fac_dragon_knights Knights_of_the_Dragon 0 2003199 
 0.000000  0.000000  -0.050000  0.000000  0.000000  0.000000  0.000000  0.000000  0.000000  0.000000  0.000000  0.000000  0.000000  0.000000  0.000000  -0.200000  0.500000  0.000000  0.000000  0.000000  0.000000  0.000000  -0.200000  -0.200000  -0.100000  0.000000  -0.100000  -0.300000  0.000000  0.000000  0.000000  0.000000  0.000000  -0.500000  0.000000  -0.200000  0.100000  -0.200000  -0.200000  -0.200000  -0.200000  -0.500000  -0.200000  0.000000  0.100000  -0.100000  -0.100000  -0.100000  -0.100000  -0.100000  -0.100000  0.000000  0.000000  0.000000  0.000000  0.000000  0.000000  0.000000  0.000000  0.000000  0.000000  0.000000  0.000000  0.000000  0.000000  0.000000  0.000000  0.000000  0.000000  0.000000  0.000000  0.000000  0.000000  0.000000  -0.100000  0.000000 
0 fac_lion_knights Knights_of_the_Lion 0 16737095 
 0.000000  0.000000  -0.050000  0.000000  0.000000  0.000000  0.000000  0.000000  0.000000  0.000000  0.000000  0.000000  0.000000  0.000000  0.000000  0.500000  -0.500000  0.000000  0.000000  0.000000  0.000000  0.000000  -0.200000  -0.200000  -0.100000  0.000000  -0.100000  -0.300000  -0.200000  0.000000  -0.200000  -0.200000  0.000000  -0.500000  0.000000  -0.200000  0.000000  -0.200000  -0.200000  -0.200000  -0.200000  -0.500000  -0.200000  0.000000  -0.100000  0.900000  -0.100000  -0.100000  -0.100000  -1.000000  -0.100000  0.000000  0.000000  0.000000  0.000000  0.000000  0.000000  0.000000  0.000000  0.000000  0.000000  0.000000  -0.100000  0.000000  0.000000  0.000000  0.000000  0.000000  0.000000  0.000000  0.000000  0.000000  0.000000  0.000000  -0.100000  0.000000 
0 fac_immortal_knights Empire_Immortals 0 16776960 
 0.000000  0.000000  -0.050000  0.000000  0.000000  0.000000  0.000000  0.000000  0.000000  0.000000  0.000000  0.000000  0.000000  0.000000  0.000000  0.000000  0.000000  0.000000  0.000000  0.500000  0.000000  0.000000  -0.200000  -0.200000  -0.100000  0.000000  -0.100000  -0.300000  0.000000  0.000000  0.000000  0.000000  0.000000  -0.500000  0.000000  -0.200000  0.100000  -0.200000  -0.200000  -0.200000  -0.200000  -0.500000  -0.200000  0.000000  -0.100000  -0.100000  0.900000  -0.100000  -0.100000  -0.100000  0.000000  0.000000  0.300000  0.000000  0.000000  0.000000  -0.100000  0.000000  0.000000  0.400000  0.400000  -0.100000  0.000000  0.000000  0.000000  0.000000  0.000000  0.000000  0.000000  0.000000  0.000000  0.000000  0.000000  0.000000  -0.100000  0.000000 
0 fac_windriders_knights D'Shar_Windriders 0 15787660 
 0.000000  0.000000  -0.050000  0.000000  0.000000  0.000000  0.000000  0.000000  0.000000  0.000000  0.000000  0.000000  0.000000  0.000000  0.000000  0.000000  0.000000  0.500000  0.000000  0.000000  0.000000  0.000000  -0.200000  -0.200000  -0.100000  0.000000  -0.100000  -0.300000  0.000000  0.000000  0.000000  0.000000  0.000000  -0.500000  0.000000  -0.200000  0.000000  -0.200000  -0.200000  -0.200000  -0.500000  -0.500000  -0.200000  -0.300000  -0.100000  -0.100000  -0.100000  0.900000  -0.100000  -0.100000  0.000000  0.000000  0.000000  0.000000  0.000000  0.000000  0.000000  0.000000  0.000000  0.000000  0.000000  0.000000  -0.200000  0.000000  0.000000  0.000000  0.000000  0.000000  0.000000  0.000000  0.000000  0.000000  0.000000  0.000000  -0.100000  0.000000 
0 fac_valkyrie_knights Valkyries 0 9498256 
 0.000000  0.000000  -0.050000  0.000000  0.000000  0.000000  0.000000  0.000000  0.000000  0.000000  0.000000  0.000000  0.000000  0.000000  0.000000  0.000000  0.000000  0.000000  0.500000  0.000000  0.000000  0.000000  -0.200000  -0.200000  -0.100000  0.000000  -0.100000  -0.300000  0.000000  0.000000  0.000000  0.200000  0.000000  -0.500000  0.000000  -0.200000  0.000000  -0.200000  -0.200000  -0.200000  -0.200000  -0.500000  -0.200000  0.000000  -0.100000  -0.100000  -0.100000  -0.100000  0.900000  -0.100000  0.000000  0.000000  0.000000  0.000000  0.000000  0.000000  0.000000  0.000000  0.000000  0.000000  0.000000  -0.100000  0.200000  0.000000  0.000000  0.000000  0.000000  0.000000  0.000000  0.000000  0.000000  0.000000  0.000000  0.000000  -0.100000  0.000000 
0 fac_griffon_knights Knights_of_the_Griffon 0 14329120 
 0.000000  0.000000  -0.050000  0.000000  0.000000  0.000000  0.000000  0.000000  0.000000  0.000000  0.000000  0.000000  0.000000  0.000000  0.200000  0.000000  0.000000  0.000000  0.000000  0.000000  0.000000  0.000000  -0.200000  -0.200000  -0.100000  0.000000  -0.100000  -0.300000  0.000000  0.000000  0.000000  0.000000  0.000000  -0.500000  0.000000  -0.200000  0.000000  -0.200000  -0.200000  -0.200000  -0.200000  -0.500000  -0.200000  0.000000  -0.100000  -1.000000  -0.100000  -0.100000  -0.100000  0.900000  0.000000  0.000000  0.000000  0.000000  0.000000  0.000000  0.000000  0.000000  0.000000  0.000000  0.000000  -0.100000  0.000000  0.000000  0.000000  0.000000  0.000000  0.000000  0.000000  0.000000  0.000000  0.000000  0.000000  0.000000  -0.100000  0.000000 
0 fac_falcon_knights Knights_of_the_Falcon 0 16777090 
 0.000000  0.000000  -0.050000  0.000000  0.000000  0.000000  0.000000  0.000000  0.000000  0.000000  0.000000  0.000000  0.000000  0.000000  0.000000  0.000000  0.200000  0.000000  0.000000  0.000000  0.000000  0.000000  -0.200000  -0.200000  -0.100000  0.000000  -0.100000  -0.300000  0.000000  0.000000  0.000000  0.200000  0.000000  -0.500000  0.000000  -0.200000  0.000000  -0.200000  -0.200000  -0.200000  -0.200000  -0.500000  -0.200000  0.000000  -0.100000  -0.100000  0.000000  0.000000  0.000000  0.000000  0.900000  -0.100000  0.000000  0.000000  0.000000  0.000000  0.000000  0.000000  0.000000  0.000000  0.000000  0.000000  0.000000  0.000000  0.000000  0.000000  0.000000  0.000000  0.000000  0.000000  0.000000  0.000000  0.000000  0.000000  -0.100000  0.000000 
0 fac_raven_knights Knights_of_the_Raven_Spear 0 4286975 
 0.000000  0.000000  -0.050000  0.000000  0.000000  0.000000  0.000000  0.000000  0.000000  0.000000  0.000000  0.000000  0.000000  0.000000  0.000000  0.000000  0.500000  0.000000  0.000000  0.000000  0.000000  0.000000  -0.200000  -0.200000  -0.100000  0.000000  -0.100000  -0.300000  0.000000  0.000000  0.000000  0.000000  0.000000  -0.500000  0.000000  -0.200000  0.000000  -0.200000  -0.200000  -0.200000  -0.200000  -0.500000  -0.200000  0.000000  0.000000  0.000000  0.000000  0.000000  0.000000  0.000000  -0.100000  0.900000  0.000000  -0.100000  0.000000  0.000000  0.000000  0.000000  0.000000  0.000000  0.000000  0.000000  0.000000  0.000000  0.000000  0.000000  0.000000  0.000000  0.000000  0.000000  0.000000  0.000000  0.000000  0.000000  -0.100000  0.000000 
0 fac_radiant_knights Knights_of_Radiant_Cross 0 16770650 
 0.000000  0.000000  -0.050000  0.000000  0.000000  0.000000  0.000000  0.000000  0.000000  0.000000  0.000000  0.000000  0.000000  0.000000  0.200000  0.200000  0.200000  0.200000  0.200000  0.200000  0.000000  0.000000  -0.200000  -0.200000  -0.100000  0.000000  -0.100000  -0.300000  0.000000  0.000000  0.000000  0.000000  0.000000  -0.500000  0.000000  -0.200000  0.100000  -0.200000  -0.200000  -0.200000  -0.200000  -0.500000  -0.200000  0.000000  0.000000  0.000000  0.300000  0.000000  0.000000  0.000000  0.000000  0.000000  0.900000  0.000000  0.000000  0.000000  -0.700000  0.000000  -0.500000  0.900000  0.500000  0.000000  0.000000  0.000000  0.000000  0.000000  0.000000  0.000000  0.000000  0.000000  0.000000  0.000000  0.000000  0.000000  -0.100000  0.000000 
0 fac_clarion_knights Rangers_of_Clarion_Call 0 3978097 
 0.000000  0.000000  -0.050000  0.000000  0.000000  0.000000  0.000000  0.000000  0.000000  0.000000  0.000000  0.000000  0.000000  0.000000  0.000000  0.200000  0.000000  0.000000  0.000000  0.200000  0.000000  0.000000  -0.200000  -0.200000  -0.100000  0.000000  -0.100000  -0.300000  0.000000  0.000000  0.000000  0.000000  0.000000  -0.500000  0.000000  -0.200000  0.000000  -0.200000  -0.200000  -0.200000  -0.200000  -0.500000  -0.200000  0.000000  0.000000  0.000000  0.000000  0.000000  0.000000  0.000000  0.000000  -0.100000  0.000000  0.900000  0.000000  0.000000  0.000000  -0.300000  0.000000  0.000000  0.000000  0.000000  0.000000  0.000000  0.000000  0.000000  0.000000  0.000000  0.000000  0.000000  0.000000  0.000000  0.000000  0.000000  -0.100000  0.000000 
0 fac_dawn_knights Knights_of_the_Dawn 0 16643558 
 0.000000  0.000000  -0.050000  0.000000  0.000000  0.000000  0.000000  0.000000  0.000000  0.000000  0.000000  0.000000  0.000000  -0.100000  -0.100000  0.000000  0.000000  0.000000  0.200000  0.000000  0.000000  0.000000  -0.200000  -0.200000  -0.100000  0.000000  -0.100000  -0.300000  0.000000  0.000000  0.000000  0.000000  0.000000  -0.500000  0.000000  -0.200000  0.100000  -0.200000  -0.200000  -0.200000  -0.200000  -0.500000  -0.200000  0.300000  0.000000  0.000000  0.000000  0.000000  0.000000  0.000000  0.000000  0.000000  0.000000  0.000000  0.900000  0.000000  -0.500000  0.000000  -1.000000  0.000000  0.000000  -0.100000  0.000000  -0.100000  0.000000  0.000000  0.000000  0.000000  0.000000  0.000000  0.000000  0.000000  0.000000  0.000000  -0.100000  0.000000 
0 fac_ebony_knights Knights_of_the_Ebony_Gauntlet 0 14423100 
 0.000000  0.000000  -0.050000  0.000000  0.000000  0.000000  0.000000  0.000000  0.000000  0.000000  0.000000  0.000000  0.000000  -0.100000  -0.100000  0.000000  0.000000  0.000000  0.000000  0.000000  0.000000  0.000000  -0.200000  -0.200000  -0.100000  0.000000  -0.100000  -0.700000  0.000000  0.000000  0.000000  0.000000  0.000000  -0.500000  0.000000  -0.200000  0.000000  -0.200000  -0.200000  -0.200000  -0.200000  -0.500000  -0.200000  0.000000  0.000000  0.000000  0.000000  0.000000  0.000000  0.000000  0.000000  0.000000  0.000000  0.000000  0.000000  0.900000  0.000000  -0.600000  0.000000  0.000000  0.000000  0.000000  0.000000  -0.100000  0.000000  0.000000  0.000000  0.000000  0.000000  0.000000  0.000000  0.000000  0.000000  0.000000  -0.100000  0.000000 
0 fac_shadow_knights Shadow_Legion 0 14474460 
 0.000000  0.000000  -0.050000  0.000000  0.000000  0.000000  0.000000  0.000000  0.000000  0.000000  0.000000  0.000000  0.000000  0.000000  0.000000  0.000000  0.000000  0.000000  0.000000  0.000000  0.000000  0.000000  -0.200000  -0.200000  -0.100000  0.000000  -0.100000  -0.300000  0.000000  0.000000  0.000000  0.000000  0.000000  -0.500000  0.000000  -0.200000  0.000000  -0.200000  -0.200000  -0.200000  -0.200000  -0.500000  -0.200000  0.000000  0.000000  0.000000  -0.100000  0.000000  0.000000  0.000000  0.000000  0.000000  -0.700000  0.000000  -0.500000  0.000000  0.900000  0.000000  0.000000  -0.200000  -0.100000  0.000000  0.000000  0.000000  0.000000  0.000000  0.000000  0.000000  0.000000  0.000000  0.000000  0.000000  0.000000  0.000000  -0.100000  0.000000 
0 fac_silvermist_knights Silvermist_Rangers 0 15066623 
 0.000000  0.000000  -0.050000  0.000000  0.000000  0.000000  0.000000  0.000000  0.000000  0.000000  0.000000  0.000000  0.000000  0.000000  0.000000  0.000000  0.000000  0.000000  0.000000  0.000000  0.000000  0.000000  -0.200000  -0.200000  -0.100000  0.000000  -0.100000  0.300000  0.000000  0.000000  0.000000  0.000000  0.000000  -0.500000  0.000000  -0.200000  0.000000  -0.200000  -0.200000  -0.200000  -0.200000  -0.500000  -0.200000  0.000000  0.000000  0.000000  0.000000  0.000000  0.000000  0.000000  0.000000  0.000000  0.000000  -0.300000  0.000000  -0.600000  0.000000  0.900000  0.000000  0.000000  0.000000  0.000000  0.000000  0.000000  0.000000  0.000000  0.000000  0.000000  0.000000  0.000000  0.000000  0.000000  0.000000  0.000000  -0.100000  0.000000 
0 fac_eventide_knights Knights_of_Eventide 0 14524637 
 0.000000  0.000000  -0.050000  0.000000  0.000000  0.000000  0.000000  0.000000  0.000000  0.000000  0.000000  0.000000  0.000000  -0.400000  -0.400000  0.000000  0.000000  0.200000  0.000000  0.000000  0.000000  0.000000  -0.200000  -0.200000  -0.100000  0.000000  -0.100000  -0.300000  -0.200000  0.000000  -0.200000  -0.200000  -0.200000  -0.500000  0.000000  -0.200000  -0.200000  -0.200000  -0.200000  -0.200000  0.300000  -0.500000  -0.200000  -0.100000  0.000000  0.000000  0.000000  0.000000  0.000000  0.000000  0.000000  0.000000  -0.500000  0.000000  -1.000000  0.000000  0.000000  0.000000  0.900000  0.000000  0.000000  0.100000  0.000000  -0.400000  0.000000  0.000000  0.000000  0.000000  0.000000  0.000000  0.000000  0.000000  0.000000  0.000000  -0.100000  0.000000 
0 fac_phoenix_knights Knights_of_the_Phoenix 0 12005659 
 0.000000  0.000000  -0.050000  0.000000  0.000000  0.000000  0.000000  0.000000  0.000000  0.000000  0.000000  0.000000  0.000000  0.000000  0.000000  0.000000  0.000000  0.000000  0.000000  0.000000  0.000000  0.000000  -0.200000  -0.200000  -0.100000  0.000000  -0.100000  -0.200000  0.000000  0.000000  0.000000  0.000000  0.000000  -0.500000  0.000000  -0.200000  0.000000  -0.200000  -0.200000  -0.200000  -0.200000  -0.500000  -0.700000  0.000000  0.000000  0.000000  0.400000  0.000000  0.000000  0.000000  0.000000  0.000000  0.900000  0.000000  0.000000  0.000000  -0.200000  0.000000  0.000000  0.900000  0.600000  0.000000  0.000000  0.000000  0.000000  0.000000  0.000000  0.000000  0.000000  0.000000  0.000000  0.000000  0.000000  0.000000  -0.100000  0.000000 
0 fac_shadowwolves_knights Shadow_Wolves 0 4344397 
 0.000000  0.000000  -0.050000  0.000000  0.000000  0.000000  0.000000  0.000000  0.000000  0.000000  0.000000  0.000000  0.000000  0.000000  0.000000  0.000000  0.000000  0.000000  0.000000  0.000000  0.000000  0.000000  -0.200000  -0.200000  -0.100000  0.000000  -0.100000  -0.200000  0.000000  0.000000  0.000000  0.000000  0.000000  -0.500000  0.000000  -0.200000  0.000000  -0.200000  -0.200000  -0.200000  -0.200000  -0.500000  -0.700000  0.000000  0.000000  0.000000  0.400000  0.000000  0.000000  0.000000  0.000000  0.000000  0.500000  0.000000  0.000000  0.000000  -0.100000  0.000000  0.000000  0.600000  0.900000  0.000000  0.000000  0.000000  0.000000  0.000000  0.000000  0.000000  0.000000  0.000000  0.000000  0.000000  0.000000  0.000000  -0.100000  0.000000 
0 fac_scorpion_assassin_knights Scorpion_Assassins 0 7496243 
 0.000000  0.000000  -0.050000  0.000000  0.000000  0.000000  0.000000  0.000000  0.000000  0.000000  0.000000  0.000000  0.000000  0.000000  0.000000  0.000000  0.000000  0.500000  0.000000  0.000000  0.000000  0.000000  -0.200000  -0.200000  -0.100000  0.000000  -0.100000  -0.300000  0.000000  0.000000  0.000000  0.000000  0.000000  -0.500000  0.000000  -0.200000  0.000000  -0.200000  -0.200000  -0.200000  0.500000  -0.500000  -0.200000  -0.200000  0.000000  0.000000  -0.100000  0.000000  -0.100000  -0.100000  0.000000  0.000000  0.000000  0.000000  -0.100000  0.000000  0.000000  0.000000  0.100000  0.000000  0.000000  0.900000  -0.200000  0.000000  0.000000  0.000000  0.000000  0.000000  0.000000  0.000000  0.000000  0.000000  0.000000  0.000000  -0.100000  0.000000 
0 fac_kraken_knights Kraken_Cultists 0 9498256 
 0.000000  0.000000  -0.050000  0.000000  0.000000  0.000000  0.000000  0.000000  0.000000  0.000000  0.000000  0.000000  0.000000  0.000000  0.000000  0.000000  0.000000  0.000000  0.200000  0.000000  0.000000  0.000000  -0.200000  -0.200000  -0.100000  0.000000  -0.100000  -0.300000  0.000000  0.000000  0.000000  0.000000  0.000000  -0.500000  0.000000  -0.200000  0.000000  -0.200000  -0.200000  -0.200000  -0.200000  -0.500000  -0.200000  0.000000  0.000000  -0.100000  0.000000  -0.200000  0.200000  0.000000  0.000000  0.000000  0.000000  0.000000  0.000000  0.000000  0.000000  0.000000  0.000000  0.000000  0.000000  -0.200000  0.900000  0.000000  0.000000  0.000000  0.000000  0.000000  0.000000  0.000000  0.000000  0.000000  0.000000  0.000000  -0.100000  0.000000 
0 fac_player_knights New_Order! 0 16119285 
 0.000000  0.000000  -0.150000  0.000000  0.000000  0.000000  0.000000  0.000000  0.000000  0.000000  0.000000  0.000000  0.000000  1.000000  1.000000  0.000000  0.000000  0.000000  0.000000  0.000000  0.000000  0.100000  -0.200000  -0.200000  -0.100000  0.000000  -0.100000  -0.300000  0.000000  -0.800000  0.000000  0.000000  0.000000  -0.100000  -0.100000  -0.200000  0.000000  -0.300000  -0.200000  0.000000  -0.200000  -0.500000  -0.400000  0.000000  0.000000  0.000000  0.000000  0.000000  0.000000  0.000000  0.000000  0.000000  0.000000  0.000000  -0.100000  -0.100000  0.000000  0.000000  -0.400000  0.000000  0.000000  0.000000  0.000000  1.000000  0.000000  0.000000  0.000000  0.000000  0.000000  0.000000  0.000000  0.000000  0.000000  0.000000  -0.100000  0.000000 
0 fac_noldor_castle Noldor 0 245820 
 0.000000  0.000000  0.000000  0.000000  0.000000  0.000000  0.000000  0.000000  0.000000  0.000000  0.000000  0.000000  0.000000  0.000000  0.000000  0.000000  0.000000  0.000000  0.000000  0.000000  0.000000  0.000000  0.000000  0.000000  0.000000  0.000000  0.000000  0.000000  0.000000  0.000000  0.000000  0.000000  0.000000  0.000000  0.000000  0.000000  0.000000  0.000000  0.000000  0.000000  0.000000  0.000000  0.000000  0.000000  0.000000  0.000000  0.000000  0.000000  0.000000  0.000000  0.000000  0.000000  0.000000  0.000000  0.000000  0.000000  0.000000  0.000000  0.000000  0.000000  0.000000  0.000000  0.000000  0.000000  0.500000  0.000000  0.000000  0.000000  0.000000  0.000000  0.000000  0.000000  0.000000  0.000000  0.000000  0.000000 
0 fac_custom_knights_1 Minor_Order_Knights 0 16119285 
 0.000000  0.000000  -0.050000  0.000000  0.000000  0.000000  0.000000  0.000000  0.000000  0.000000  0.000000  0.000000  0.000000  0.000000  0.000000  0.000000  0.000000  0.000000  0.000000  0.000000  0.000000  0.000000  -0.200000  -0.200000  -0.100000  0.000000  -0.100000  -0.300000  -0.100000  0.000000  -0.100000  -0.100000  -0.100000  -0.500000  -0.100000  -0.200000  0.000000  -0.200000  -0.200000  -0.200000  0.000000  -0.400000  -0.200000  0.000000  0.000000  0.000000  0.000000  0.000000  0.000000  0.000000  0.000000  0.000000  0.000000  0.000000  0.000000  0.000000  0.000000  0.000000  0.000000  0.000000  0.000000  0.000000  0.000000  0.000000  0.000000  0.800000  0.000000  0.000000  0.000000  0.000000  0.000000  0.000000  0.000000  0.000000  -0.100000  0.000000 
0 fac_custom_knights_2 Minor_Order_Knights 0 16119285 
 0.000000  0.000000  -0.050000  0.000000  0.000000  0.000000  0.000000  0.000000  0.000000  0.000000  0.000000  0.000000  0.000000  0.000000  0.000000  0.000000  0.000000  0.000000  0.000000  0.000000  0.000000  0.000000  -0.200000  -0.200000  -0.100000  0.000000  -0.100000  -0.300000  -0.100000  0.000000  -0.100000  -0.100000  -0.100000  -0.500000  -0.100000  -0.200000  0.000000  -0.200000  -0.200000  -0.200000  0.000000  -0.400000  -0.200000  0.000000  0.000000  0.000000  0.000000  0.000000  0.000000  0.000000  0.000000  0.000000  0.000000  0.000000  0.000000  0.000000  0.000000  0.000000  0.000000  0.000000  0.000000  0.000000  0.000000  0.000000  0.000000  0.000000  0.800000  0.000000  0.000000  0.000000  0.000000  0.000000  0.000000  0.000000  -0.100000  0.000000 
0 fac_custom_knights_3 Minor_Order_Knights 0 16119285 
 0.000000  0.000000  -0.050000  0.000000  0.000000  0.000000  0.000000  0.000000  0.000000  0.000000  0.000000  0.000000  0.000000  0.000000  0.000000  0.000000  0.000000  0.000000  0.000000  0.000000  0.000000  0.000000  -0.200000  -0.200000  -0.100000  0.000000  -0.100000  -0.300000  -0.100000  0.000000  -0.100000  -0.100000  -0.100000  -0.500000  -0.100000  -0.200000  0.000000  -0.200000  -0.200000  -0.200000  0.000000  -0.400000  -0.200000  0.000000  0.000000  0.000000  0.000000  0.000000  0.000000  0.000000  0.000000  0.000000  0.000000  0.000000  0.000000  0.000000  0.000000  0.000000  0.000000  0.000000  0.000000  0.000000  0.000000  0.000000  0.000000  0.000000  0.000000  0.800000  0.000000  0.000000  0.000000  0.000000  0.000000  0.000000  -0.100000  0.000000 
0 fac_custom_knights_4 Minor_Order_Knights 0 16119285 
 0.000000  0.000000  -0.050000  0.000000  0.000000  0.000000  0.000000  0.000000  0.000000  0.000000  0.000000  0.000000  0.000000  0.000000  0.000000  0.000000  0.000000  0.000000  0.000000  0.000000  0.000000  0.000000  -0.200000  -0.200000  -0.100000  0.000000  -0.100000  -0.300000  -0.100000  0.000000  -0.100000  -0.100000  -0.100000  -0.500000  -0.100000  -0.200000  0.000000  -0.200000  -0.200000  -0.200000  0.000000  -0.400000  -0.200000  0.000000  0.000000  0.000000  0.000000  0.000000  0.000000  0.000000  0.000000  0.000000  0.000000  0.000000  0.000000  0.000000  0.000000  0.000000  0.000000  0.000000  0.000000  0.000000  0.000000  0.000000  0.000000  0.000000  0.000000  0.000000  0.800000  0.000000  0.000000  0.000000  0.000000  0.000000  -0.100000  0.000000 
0 fac_custom_knights_5 Minor_Order_Knights 0 16119285 
 0.000000  0.000000  -0.050000  0.000000  0.000000  0.000000  0.000000  0.000000  0.000000  0.000000  0.000000  0.000000  0.000000  0.000000  0.000000  0.000000  0.000000  0.000000  0.000000  0.000000  0.000000  0.000000  -0.200000  -0.200000  -0.100000  0.000000  -0.100000  -0.300000  -0.100000  0.000000  -0.100000  -0.100000  -0.100000  -0.500000  -0.100000  -0.200000  0.000000  -0.200000  -0.200000  -0.200000  0.000000  -0.400000  -0.200000  0.000000  0.000000  0.000000  0.000000  0.000000  0.000000  0.000000  0.000000  0.000000  0.000000  0.000000  0.000000  0.000000  0.000000  0.000000  0.000000  0.000000  0.000000  0.000000  0.000000  0.000000  0.000000  0.000000  0.000000  0.000000  0.000000  0.800000  0.000000  0.000000  0.000000  0.000000  -0.100000  0.000000 
0 fac_custom_knights_6 Minor_Order_Knights 0 16119285 
 0.000000  0.000000  -0.050000  0.000000  0.000000  0.000000  0.000000  0.000000  0.000000  0.000000  0.000000  0.000000  0.000000  0.000000  0.000000  0.000000  0.000000  0.000000  0.000000  0.000000  0.000000  0.000000  -0.200000  -0.200000  -0.100000  0.000000  -0.100000  -0.300000  -0.100000  0.000000  -0.100000  -0.100000  -0.100000  -0.500000  -0.100000  -0.200000  0.000000  -0.200000  -0.200000  -0.200000  0.000000  -0.400000  -0.200000  0.000000  0.000000  0.000000  0.000000  0.000000  0.000000  0.000000  0.000000  0.000000  0.000000  0.000000  0.000000  0.000000  0.000000  0.000000  0.000000  0.000000  0.000000  0.000000  0.000000  0.000000  0.000000  0.000000  0.000000  0.000000  0.000000  0.000000  0.800000  0.000000  0.000000  0.000000  -0.100000  0.000000 
0 fac_custom_knights_7 Minor_Order_Knights 0 16119285 
 0.000000  0.000000  -0.050000  0.000000  0.000000  0.000000  0.000000  0.000000  0.000000  0.000000  0.000000  0.000000  0.000000  0.000000  0.000000  0.000000  0.000000  0.000000  0.000000  0.000000  0.000000  0.000000  -0.200000  -0.200000  -0.100000  0.000000  -0.100000  -0.300000  -0.100000  0.000000  -0.100000  -0.100000  -0.100000  -0.500000  -0.100000  -0.200000  0.000000  -0.200000  -0.200000  -0.200000  0.000000  -0.400000  -0.200000  0.000000  0.000000  0.000000  0.000000  0.000000  0.000000  0.000000  0.000000  0.000000  0.000000  0.000000  0.000000  0.000000  0.000000  0.000000  0.000000  0.000000  0.000000  0.000000  0.000000  0.000000  0.000000  0.000000  0.000000  0.000000  0.000000  0.000000  0.000000  0.800000  0.000000  0.000000  -0.100000  0.000000 
0 fac_undeads {!}Undeads 33280 11184810 
 0.000000  -0.700000  0.000000  0.000000  0.000000  0.000000  0.000000  0.000000  0.000000  0.000000  0.000000  0.000000  0.000000  -0.500000  0.000000  0.000000  0.000000  0.000000  0.000000  0.000000  0.000000  0.000000  0.000000  0.000000  0.000000  0.000000  0.000000  0.000000  0.000000  0.000000  0.000000  0.000000  0.000000  0.000000  0.000000  0.000000  0.000000  0.000000  0.000000  0.000000  0.000000  0.000000  0.000000  0.000000  0.000000  0.000000  0.000000  0.000000  0.000000  0.000000  0.000000  0.000000  0.000000  0.000000  0.000000  0.000000  0.000000  0.000000  0.000000  0.000000  0.000000  0.000000  0.000000  0.000000  0.000000  0.000000  0.000000  0.000000  0.000000  0.000000  0.000000  0.000000  0.500000  0.000000  0.000000  0.000000 
0 fac_slavers {!}Slavers 0 11184810 
 0.000000  0.000000  0.000000  0.000000  0.000000  0.000000  0.000000  0.000000  0.000000  0.000000  0.000000  0.000000  0.000000  0.000000  0.000000  0.000000  0.000000  0.000000  0.000000  0.000000  0.000000  0.000000  0.000000  0.000000  0.000000  0.000000  0.000000  0.000000  0.000000  0.000000  0.000000  0.000000  0.000000  0.000000  0.000000  0.000000  0.000000  0.000000  0.000000  0.000000  0.000000  0.000000  0.000000  0.000000  0.000000  0.000000  0.000000  0.000000  0.000000  0.000000  0.000000  0.000000  0.000000  0.000000  0.000000  0.000000  0.000000  0.000000  0.000000  0.000000  0.000000  0.000000  0.000000  0.000000  0.000000  0.000000  0.000000  0.000000  0.000000  0.000000  0.000000  0.000000  0.000000  0.100000  0.000000  0.000000 
0 fac_peasant_rebels {!}Peasant_Rebels 0 11184810 
 0.000000  0.000000  0.000000  0.000000  0.000000  0.000000  0.000000  0.000000  0.000000  0.000000  0.000000  0.000000  0.000000  -0.100000  -0.100000  -0.100000  -0.100000  -0.100000  -0.100000  -0.100000  0.000000  -0.100000  0.000000  0.000000  0.000000  0.000000  0.000000  -0.100000  -0.100000  0.000000  -0.100000  -0.100000  -0.100000  -0.100000  -0.100000  -0.100000  0.000000  -0.100000  -0.100000  -0.100000  0.000000  0.000000  -0.100000  0.000000  -0.100000  -0.100000  -0.100000  -0.100000  -0.100000  -0.100000  -0.100000  -0.100000  -0.100000  -0.100000  -0.100000  -0.100000  -0.100000  -0.100000  -0.100000  -0.100000  -0.100000  -0.100000  -0.100000  -0.100000  0.000000  -0.100000  -0.100000  -0.100000  -0.100000  -0.100000  -0.100000  -0.100000  0.000000  0.000000  1.000000  -1.000000 
0 fac_noble_refugees {!}Noble_Refugees 0 11184810 
 0.000000  0.000000  0.000000  0.000000  0.000000  0.000000  0.000000  0.000000  0.000000  0.000000  0.000000  0.000000  0.000000  0.000000  0.000000  0.000000  0.000000  0.000000  0.000000  0.000000  0.000000  0.000000  0.000000  0.000000  0.000000  0.000000  0.000000  0.000000  0.000000  0.000000  0.000000  0.000000  0.000000  0.000000  0.000000  0.000000  0.000000  0.000000  0.000000  0.000000  0.000000  0.000000  0.000000  0.000000  0.000000  0.000000  0.000000  0.000000  0.000000  0.000000  0.000000  0.000000  0.000000  0.000000  0.000000  0.000000  0.000000  0.000000  0.000000  0.000000  0.000000  0.000000  0.000000  0.000000  0.000000  0.000000  0.000000  0.000000  0.000000  0.000000  0.000000  0.000000  0.000000  0.000000  -1.000000  0.500000 
0 