partiesfile version 1
256 256
 1 0 0 p_main_party Main_Party 1048576 0 0 13 0 0 0 0 0 28.320000 -29.920000 28.320000 -29.920000 28.320000 -29.920000 0.0 1 0 1 0 0 
0.000000
 1 1 1 p_temp_party {!}temp_party 256 0 0 1 0 0 0 0 0 0.000000 0.000000 0.000000 0.000000 0.000000 0.000000 0.0 0 
0.000000
 1 2 2 p_camp_bandits {!}camp_bandits 256 0 0 2 0 0 0 0 0 -1.000000 1.000000 -1.000000 1.000000 -1.000000 1.000000 0.0 1 3 3 0 0 
0.000000
 1 3 3 p_temp_party_2 {!}temp_party_2 256 0 0 1 0 0 0 0 0 0.000000 0.000000 0.000000 0.000000 0.000000 0.000000 0.0 0 
0.000000
 1 4 4 p_temp_casualties {!}casualties 256 0 0 3 0 0 0 0 0 -1.000000 -1.000000 -1.000000 -1.000000 -1.000000 -1.000000 0.0 0 
0.000000
 1 5 5 p_temp_casualties_2 {!}casualties 256 0 0 3 0 0 0 0 0 -1.000000 -1.000000 -1.000000 -1.000000 -1.000000 -1.000000 0.0 0 
0.000000
 1 6 6 p_temp_casualties_3 {!}casualties 256 0 0 3 0 0 0 0 0 -1.000000 -1.000000 -1.000000 -1.000000 -1.000000 -1.000000 0.0 0 
0.000000
 1 7 7 p_temp_wounded {!}enemies_wounded 256 0 0 3 0 0 0 0 0 -1.000000 -1.000000 -1.000000 -1.000000 -1.000000 -1.000000 0.0 0 
0.000000
 1 8 8 p_temp_killed {!}enemies_killed 256 0 0 3 0 0 0 0 0 -1.000000 -1.000000 -1.000000 -1.000000 -1.000000 -1.000000 0.0 0 
0.000000
 1 9 9 p_main_party_backup {!}_ 256 0 0 3 0 0 0 0 0 -1.000000 -1.000000 -1.000000 -1.000000 -1.000000 -1.000000 0.0 0 
0.000000
 1 10 10 p_encountered_party_backup {!}_ 256 0 0 3 0 0 0 0 0 -1.000000 -1.000000 -1.000000 -1.000000 -1.000000 -1.000000 0.0 0 
0.000000
 1 11 11 p_collective_friends_backup {!}_ 256 0 0 3 0 0 0 0 0 -1.000000 -1.000000 -1.000000 -1.000000 -1.000000 -1.000000 0.0 0 
0.000000
 1 12 12 p_player_casualties {!}_ 256 0 0 3 0 0 0 0 0 -1.000000 -1.000000 -1.000000 -1.000000 -1.000000 -1.000000 0.0 0 
0.000000
 1 13 13 p_enemy_casualties {!}_ 256 0 0 3 0 0 0 0 0 -1.000000 -1.000000 -1.000000 -1.000000 -1.000000 -1.000000 0.0 0 
0.000000
 1 14 14 p_ally_casualties {!}_ 256 0 0 3 0 0 0 0 0 -1.000000 -1.000000 -1.000000 -1.000000 -1.000000 -1.000000 0.0 0 
0.000000
 1 15 15 p_collective_enemy {!}collective_enemy 256 0 0 3 0 0 0 0 0 -1.000000 -1.000000 -1.000000 -1.000000 -1.000000 -1.000000 0.0 0 
0.000000
 1 16 16 p_collective_ally {!}collective_ally 256 0 0 3 0 0 0 0 0 -1.000000 -1.000000 -1.000000 -1.000000 -1.000000 -1.000000 0.0 0 
0.000000
 1 17 17 p_collective_friends {!}collective_ally 256 0 0 3 0 0 0 0 0 -1.000000 -1.000000 -1.000000 -1.000000 -1.000000 -1.000000 0.0 0 
0.000000
 1 18 18 p_total_enemy_casualties {!}_ 256 0 0 3 0 0 0 0 0 -1.000000 -1.000000 -1.000000 -1.000000 -1.000000 -1.000000 0.0 0 
0.000000
 1 19 19 p_routed_enemies {!}routed_enemies 256 0 0 3 0 0 0 0 0 -1.000000 -1.000000 -1.000000 -1.000000 -1.000000 -1.000000 0.0 0 
0.000000
 1 20 20 p_garrison_plus_lords {!}surprise_attack_defense 256 0 0 3 0 0 0 0 0 -1.000000 -1.000000 -1.000000 -1.000000 -1.000000 -1.000000 0.0 0 
0.000000
 1 21 21 p_zendar Zendar 2114928 0 0 3 0 0 0 0 0 64.590000 -129.510000 64.590000 -129.510000 64.590000 -129.510000 0.0 0 
0.000000
 1 22 22 p_town_1 Javiksholm 4220016 0 0 3 0 0 0 0 0 -73.340000 18.100000 -73.340000 18.100000 -73.340000 18.100000 0.0 0 
0.261799
 1 23 23 p_town_2 Valonbray 4220017 0 0 3 0 0 0 0 0 -87.630000 -26.240000 -87.630000 -26.240000 -87.630000 -26.240000 0.0 0 
3.141593
 1 24 24 p_town_3 Ethos 4220018 0 0 3 0 0 0 0 0 40.570000 -60.760000 40.570000 -60.760000 40.570000 -60.760000 0.0 0 
0.174533
 1 25 25 p_town_4 Laria 4220019 0 0 3 0 0 0 0 0 42.340000 0.370000 42.340000 0.370000 42.340000 0.370000 0.0 0 
0.000000
 1 26 26 p_town_5 Janos 4220020 0 0 3 0 0 0 0 0 24.000000 -92.250000 24.000000 -92.250000 24.000000 -92.250000 0.0 0 
2.356194
 1 27 27 p_town_6 Sarleon 4220021 0 0 3 0 0 0 0 0 -5.750000 -27.630000 -5.750000 -27.630000 -5.750000 -27.630000 0.0 0 
3.141593
 1 28 28 p_town_7 Marleons 4220022 0 0 3 0 0 0 0 0 5.390000 24.100000 5.390000 24.100000 5.390000 24.100000 0.0 0 
0.785398
 1 29 29 p_town_8 Ravenstern 4220023 0 0 3 0 0 0 0 0 -34.500000 71.230000 -34.500000 71.230000 -34.500000 71.230000 0.0 0 
1.570796
 1 30 30 p_town_9 Poinsbruk 4220024 0 0 3 0 0 0 0 0 50.960000 64.120000 50.960000 64.120000 50.960000 64.120000 0.0 0 
-0.872665
 1 31 31 p_town_10 Torbah 4220025 0 0 3 0 0 0 0 0 -42.910000 -104.060000 -42.910000 -104.060000 -42.910000 -104.060000 0.0 0 
3.054326
 1 32 32 p_town_11 Senderfall 4220026 0 0 3 0 0 0 0 0 -101.280000 80.410000 -101.280000 80.410000 -101.280000 80.410000 0.0 0 
4.625122
 1 33 33 p_town_12 Windholm 4220027 0 0 3 0 0 0 0 0 -105.500000 -73.840000 -105.500000 -73.840000 -105.500000 -73.840000 0.0 0 
1.570796
 1 34 34 p_town_13 Rane 4220028 0 0 3 0 0 0 0 0 5.310000 60.600000 5.310000 60.600000 5.310000 60.600000 0.0 0 
3.141593
 1 35 35 p_town_14 Singal 4220029 0 0 3 0 0 0 0 0 -31.600000 -56.100000 -31.600000 -56.100000 -31.600000 -56.100000 0.0 0 
0.000000
 1 36 36 p_town_15 Cez 4220030 0 0 3 0 0 0 0 0 86.540000 -109.840000 86.540000 -109.840000 86.540000 -109.840000 0.0 0 
3.316126
 1 37 37 p_town_16 Avendor 4220031 0 0 3 0 0 0 0 0 -28.000000 47.000000 -28.000000 47.000000 -28.000000 47.000000 0.0 0 
-0.174533
 1 38 38 p_town_17 Nal_Tar 4220032 0 0 3 0 0 0 0 0 -8.180000 -126.440000 -8.180000 -126.440000 -8.180000 -126.440000 0.0 0 
-0.785398
 1 39 39 p_town_18 Ishkoman 4220033 0 0 3 0 0 0 0 0 -6.770000 -86.640000 -6.770000 -86.640000 -6.770000 -86.640000 0.0 0 
3.490658
 1 40 40 p_castle_1 Calendain_Castle 4215902 0 0 3 0 0 0 0 0 36.070000 -39.320000 36.070000 -39.320000 36.070000 -39.320000 0.0 0 
0.872665
 1 41 41 p_castle_2 Sange_Safid 4215889 0 0 3 0 0 0 0 0 -53.300000 -124.210000 -53.300000 -124.210000 -53.300000 -124.210000 0.0 0 
1.308997
 1 42 42 p_castle_3 Taloncrag_Castle 4215879 0 0 3 0 0 0 0 0 29.090000 72.620000 29.090000 72.620000 29.090000 72.620000 0.0 0 
1.745329
 1 43 43 p_castle_4 Evasolde_Castle 4215884 0 0 3 0 0 0 0 0 -71.330000 69.050000 -71.330000 69.050000 -71.330000 69.050000 0.0 0 
3.141593
 1 44 44 p_castle_5 Highcliffe_Castle 4215900 0 0 3 0 0 0 0 0 -39.310000 14.450000 -39.310000 14.450000 -39.310000 14.450000 0.0 0 
5.183628
 1 45 45 p_castle_6 Dagon_Castle 4215877 0 0 3 0 0 0 0 0 -82.030000 54.680000 -82.030000 54.680000 -82.030000 54.680000 0.0 0 
0.959931
 1 46 46 p_castle_7 High_Pass_Fortress 4215890 0 0 3 0 0 0 0 0 -82.060000 -81.370000 -82.060000 -81.370000 -82.060000 -81.370000 0.0 0 
0.785398
 1 47 47 p_castle_8 Castle_Fenbray 4215882 0 0 3 0 0 0 0 0 -54.600000 69.280000 -54.600000 69.280000 -54.600000 69.280000 0.0 0 
0.523599
 1 48 48 p_castle_9 Walven_Castle 4215907 0 0 3 0 0 0 0 0 63.730000 -45.800000 63.730000 -45.800000 63.730000 -45.800000 0.0 0 
1.745329
 1 49 49 p_castle_10 Ironoak_Castle 4215894 0 0 3 0 0 0 0 0 -81.850000 40.770000 -81.850000 40.770000 -81.850000 40.770000 0.0 0 
1.919862
 1 50 50 p_castle_11 Longbeard_Lodge 4215896 0 0 3 0 0 0 0 0 -67.790000 -1.430000 -67.790000 -1.430000 -67.790000 -1.430000 0.0 0 
1.308997
 1 51 51 p_castle_12 Ansen_Lodge 4215895 0 0 3 0 0 0 0 0 -62.280000 41.840000 -62.280000 41.840000 -62.280000 41.840000 0.0 0 
1.658063
 1 52 52 p_castle_13 Kelredan_Castle 4215871 0 0 3 0 0 0 0 0 -31.300000 -32.830000 -31.300000 -32.830000 -31.300000 -32.830000 0.0 0 
2.007129
 1 53 53 p_castle_14 Maras_Castle 4215908 0 0 3 0 0 0 0 0 55.900000 -86.350000 55.900000 -86.350000 55.900000 -86.350000 0.0 0 
1.570796
 1 54 54 p_castle_15 Savador_Castle 4215903 0 0 3 0 0 0 0 0 11.040000 -49.130000 11.040000 -49.130000 11.040000 -49.130000 0.0 0 
4.101524
 1 55 55 p_castle_16 Almerra_Castle 4215901 0 0 3 0 0 0 0 0 86.110000 -52.040000 86.110000 -52.040000 86.110000 -52.040000 0.0 0 
0.785398
 1 56 56 p_castle_17 Saidu_Sharif 4215888 0 0 3 0 0 0 0 0 -29.820000 -75.010000 -29.820000 -75.010000 -29.820000 -75.010000 0.0 0 
0.261799
 1 57 57 p_castle_18 Castle_Alden 4215881 0 0 3 0 0 0 0 0 61.710000 70.170000 61.710000 70.170000 61.710000 70.170000 0.0 0 
5.235988
 1 58 58 p_castle_19 Silveredge_Keep 4215886 0 0 3 0 0 0 0 0 9.350000 81.480000 9.350000 81.480000 9.350000 81.480000 0.0 0 
4.886922
 1 59 59 p_castle_20 Mistmire_Castle 4215869 0 0 3 0 0 0 0 0 -44.750000 35.620000 -44.750000 35.620000 -44.750000 35.620000 0.0 0 
4.537856
 1 60 60 p_castle_21 Rela_Keep 4215906 0 0 3 0 0 0 0 0 20.840000 -62.790000 20.840000 -62.790000 20.840000 -62.790000 0.0 0 
4.537856
 1 61 61 p_castle_22 Shadi_Shahid 4215893 0 0 3 0 0 0 0 0 -26.660000 -106.980000 -26.660000 -106.980000 -26.660000 -106.980000 0.0 0 
4.537856
 1 62 62 p_castle_23 Whitestag_Castle 4215876 0 0 3 0 0 0 0 0 69.350000 -4.300000 69.350000 -4.300000 69.350000 -4.300000 0.0 0 
1.396263
 1 63 63 p_castle_24 Kennet_Castle 4215872 0 0 3 0 0 0 0 0 -25.450000 8.920000 -25.450000 8.920000 -25.450000 8.920000 0.0 0 
4.537856
 1 64 64 p_castle_25 Mobray_Castle 4215874 0 0 3 0 0 0 0 0 -38.320000 -4.690000 -38.320000 -4.690000 -38.320000 -4.690000 0.0 0 
4.537856
 1 65 65 p_castle_26 Seven_Cross_Keep 4215875 0 0 3 0 0 0 0 0 14.000000 -27.400000 14.000000 -27.400000 14.000000 -27.400000 0.0 0 
4.537856
 1 66 66 p_castle_27 Talon_Castle 4215873 0 0 3 0 0 0 0 0 22.520000 29.620000 22.520000 29.620000 22.520000 29.620000 0.0 0 
4.537856
 1 67 67 p_castle_28 Oregar_Castle 4215905 0 0 3 0 0 0 0 0 37.040000 -100.140000 37.040000 -100.140000 37.040000 -100.140000 0.0 0 
4.537856
 1 68 68 p_castle_29 Stoutheart_Castle 4215883 0 0 3 0 0 0 0 0 -49.240000 85.410000 -49.240000 85.410000 -49.240000 85.410000 0.0 0 
4.886922
 1 69 69 p_castle_30 Muqaddas_Pani 4215887 0 0 3 0 0 0 0 0 -29.000000 -132.000000 -29.000000 -132.000000 -29.000000 -132.000000 0.0 0 
9.128072
 1 70 70 p_castle_31 Valorshield_Castle 4215878 0 0 3 0 0 0 0 0 70.500000 14.980000 70.500000 14.980000 70.500000 14.980000 0.0 0 
4.537856
 1 71 71 p_castle_32 Knudarr_Castle 4215899 0 0 3 0 0 0 0 0 -58.960000 -53.590000 -58.960000 -53.590000 -58.960000 -53.590000 0.0 0 
4.537856
 1 72 72 p_castle_33 Shieldstorm_Keep 4215904 0 0 3 0 0 0 0 0 61.560000 -26.610000 61.560000 -26.610000 61.560000 -26.610000 0.0 0 
1.396263
 1 73 73 p_castle_34 Gunders_Lodge 4215897 0 0 3 0 0 0 0 0 -56.360000 -21.890000 -56.360000 -21.890000 -56.360000 -21.890000 0.0 0 
4.537856
 1 74 74 p_castle_35 Haringoth_Castle 4215870 0 0 3 0 0 0 0 0 -5.000000 -10.040000 -5.000000 -10.040000 -5.000000 -10.040000 0.0 0 
4.537856
 1 75 75 p_castle_36 Hrolfson_Castle 4215898 0 0 3 0 0 0 0 0 -79.170000 -42.360000 -79.170000 -42.360000 -79.170000 -42.360000 0.0 0 
4.537856
 1 76 76 p_castle_37 Falcondark_Castle 4215880 0 0 3 0 0 0 0 0 79.640000 66.940000 79.640000 66.940000 79.640000 66.940000 0.0 0 
4.537856
 1 77 77 p_castle_38 Tuldar_Fortress 4215891 0 0 3 0 0 0 0 0 -63.370000 -109.860000 -63.370000 -109.860000 -63.370000 -109.860000 0.0 0 
4.537856
 1 78 78 p_castle_39 Mysthorn_Keep 4215885 0 0 3 0 0 0 0 0 -15.950000 83.100000 -15.950000 83.100000 -15.950000 83.100000 0.0 0 
4.886922
 1 79 79 p_castle_40 Sher_Quila 4215892 0 0 3 0 0 0 0 0 -58.450000 -94.210000 -58.450000 -94.210000 -58.450000 -94.210000 0.0 0 
4.537856
 1 80 80 p_village_1 Yaragar 2114609 0 0 3 0 0 0 0 0 4.270000 -25.620000 4.270000 -25.620000 4.270000 -25.620000 0.0 0 
1.745329
 1 81 81 p_village_2 Burglen 2114609 0 0 3 0 0 0 0 0 14.600000 29.630000 14.600000 29.630000 14.600000 29.630000 0.0 0 
1.919862
 1 82 82 p_village_3 Mobray 2114609 0 0 3 0 0 0 0 0 -43.570000 -13.690000 -43.570000 -13.690000 -43.570000 -13.690000 0.0 0 
2.094395
 1 83 83 p_village_4 Nomar 2114609 0 0 3 0 0 0 0 0 -56.580000 1.980000 -56.580000 1.980000 -56.580000 1.980000 0.0 0 
2.268928
 1 84 84 p_village_5 Kulum 2114609 0 0 3 0 0 0 0 0 -63.300000 10.930000 -63.300000 10.930000 -63.300000 10.930000 0.0 0 
2.967060
 1 85 85 p_village_6 Emirin 2114609 0 0 3 0 0 0 0 0 9.160000 -42.170000 9.160000 -42.170000 9.160000 -42.170000 0.0 0 
1.745329
 1 86 86 p_village_7 Amere 2114609 0 0 3 0 0 0 0 0 -23.230000 39.170000 -23.230000 39.170000 -23.230000 39.170000 0.0 0 
1.919862
 1 87 87 p_village_8 Rafsanjan 2114610 0 0 3 0 0 0 0 0 -73.560000 -86.680000 -73.560000 -86.680000 -73.560000 -86.680000 0.0 0 
2.094395
 1 88 88 p_village_9 Buvran 2114609 0 0 3 0 0 0 0 0 80.820000 -60.390000 80.820000 -60.390000 80.820000 -60.390000 0.0 0 
2.268928
 1 89 89 p_village_10 Fenbray 2114609 0 0 3 0 0 0 0 0 -56.760000 61.270000 -56.760000 61.270000 -56.760000 61.270000 0.0 0 
2.967060
 1 90 90 p_village_11 Drosh 2114610 0 0 3 0 0 0 0 0 -25.170000 -72.440000 -25.170000 -72.440000 -25.170000 -72.440000 0.0 0 
1.745329
 1 91 91 p_village_12 Emer 2114609 0 0 3 0 0 0 0 0 53.630000 -38.640000 53.630000 -38.640000 53.630000 -38.640000 0.0 0 
1.919862
 1 92 92 p_village_13 Foxstead 2114609 0 0 3 0 0 0 0 0 -6.880000 13.920000 -6.880000 13.920000 -6.880000 13.920000 0.0 0 
2.094395
 1 93 93 p_village_14 Sheastrom 2114609 0 0 3 0 0 0 0 0 -68.640000 60.990000 -68.640000 60.990000 -68.640000 60.990000 0.0 0 
2.268928
 1 94 94 p_village_15 Azgad 2114609 0 0 3 0 0 0 0 0 -30.070000 -11.460000 -30.070000 -11.460000 -30.070000 -11.460000 0.0 0 
2.967060
 1 95 95 p_village_16 Shapeshte 2114615 0 0 3 0 0 0 0 0 -78.860000 94.300000 -78.860000 94.300000 -78.860000 94.300000 0.0 0 
2.967060
 1 96 96 p_village_17 Mazen 2114615 0 0 3 0 0 0 0 0 -82.860000 80.290000 -82.860000 80.290000 -82.860000 80.290000 0.0 0 
0.610865
 1 97 97 p_village_18 Gosbur 2114615 0 0 3 0 0 0 0 0 47.790000 78.230000 47.790000 78.230000 47.790000 78.230000 0.0 0 
2.967060
 1 98 98 p_village_19 Hanun 2114615 0 0 3 0 0 0 0 0 0.250000 80.320000 0.250000 80.320000 0.250000 80.320000 0.0 0 
2.967060
 1 99 99 p_village_20 Uslum 2114615 0 0 3 0 0 0 0 0 -106.130000 84.370000 -106.130000 84.370000 -106.130000 84.370000 0.0 0 
2.967060
 1 100 100 p_village_21 Bazeck 2114615 0 0 3 0 0 0 0 0 76.050000 77.890000 76.050000 77.890000 76.050000 77.890000 0.0 0 
1.745329
 1 101 101 p_village_22 Elktrin 2114615 0 0 3 0 0 0 0 0 16.010000 90.120000 16.010000 90.120000 16.010000 90.120000 0.0 0 
1.919862
 1 102 102 p_village_23 Mardan 2114610 0 0 3 0 0 0 0 0 -14.830000 -78.090000 -14.830000 -78.090000 -14.830000 -78.090000 0.0 0 
2.094395
 1 103 103 p_village_24 Ruldi 2114609 0 0 3 0 0 0 0 0 95.710000 -80.540000 95.710000 -80.540000 95.710000 -80.540000 0.0 0 
2.268928
 1 104 104 p_village_25 Stagheart 2114609 0 0 3 0 0 0 0 0 -16.470000 -11.350000 -16.470000 -11.350000 -16.470000 -11.350000 0.0 0 
2.967060
 1 105 105 p_village_26 Pagundur 2114609 0 0 3 0 0 0 0 0 51.540000 -81.070000 51.540000 -81.070000 51.540000 -81.070000 0.0 0 
2.967060
 1 106 106 p_village_27 Glunmar 2114609 0 0 3 0 0 0 0 0 21.140000 -75.700000 21.140000 -75.700000 21.140000 -75.700000 0.0 0 
2.967060
 1 107 107 p_village_28 Phundar 2114610 0 0 3 0 0 0 0 0 -22.710000 -97.550000 -22.710000 -97.550000 -22.710000 -97.550000 0.0 0 
2.967060
 1 108 108 p_village_29 Buillin 2114609 0 0 3 0 0 0 0 0 86.140000 -100.740000 86.140000 -100.740000 86.140000 -100.740000 0.0 0 
2.967060
 1 109 109 p_village_30 Ruvar 2114609 0 0 3 0 0 0 0 0 -99.100000 -62.880000 -99.100000 -62.880000 -99.100000 -62.880000 0.0 0 
2.967060
 1 110 110 p_village_31 Ambershorn 2114609 0 0 3 0 0 0 0 0 -59.230000 -28.390000 -59.230000 -28.390000 -59.230000 -28.390000 0.0 0 
1.745329
 1 111 111 p_village_32 Erminade 2114609 0 0 3 0 0 0 0 0 50.290000 7.650000 50.290000 7.650000 50.290000 7.650000 0.0 0 
1.919862
 1 112 112 p_village_33 Adnan_Khel 2114610 0 0 3 0 0 0 0 0 -1.180000 -91.490000 -1.180000 -91.490000 -1.180000 -91.490000 0.0 0 
2.094395
 1 113 113 p_village_34 Ehlerdah 2114609 0 0 3 0 0 0 0 0 60.400000 -4.550000 60.400000 -4.550000 60.400000 -4.550000 0.0 0 
2.268928
 1 114 114 p_village_35 Elkburg 2114609 0 0 3 0 0 0 0 0 -77.050000 0.340000 -77.050000 0.340000 -77.050000 0.340000 0.0 0 
2.967060
 1 115 115 p_village_36 Jayek 2114609 0 0 3 0 0 0 0 0 -75.270000 28.730000 -75.270000 28.730000 -75.270000 28.730000 0.0 0 
2.967060
 1 116 116 p_village_37 Ahda_Kalam 2114610 0 0 3 0 0 0 0 0 -33.160000 -99.650000 -33.160000 -99.650000 -33.160000 -99.650000 0.0 0 
2.967060
 1 117 117 p_village_38 Ibiran 2114609 0 0 3 0 0 0 0 0 -36.830000 38.320000 -36.830000 38.320000 -36.830000 38.320000 0.0 0 
2.967060
 1 118 118 p_village_39 Reveran 2114609 0 0 3 0 0 0 0 0 17.740000 -45.920000 17.740000 -45.920000 17.740000 -45.920000 0.0 0 
2.967060
 1 119 119 p_village_40 Saren 2114609 0 0 3 0 0 0 0 0 27.270000 -34.380000 27.270000 -34.380000 27.270000 -34.380000 0.0 0 
2.967060
 1 120 120 p_village_41 Dugan 2114609 0 0 3 0 0 0 0 0 16.410000 68.220000 16.410000 68.220000 16.410000 68.220000 0.0 0 
1.745329
 1 121 121 p_village_42 Shandur 2114610 0 0 3 0 0 0 0 0 -50.180000 -119.140000 -50.180000 -119.140000 -50.180000 -119.140000 0.0 0 
1.919862
 1 122 122 p_village_43 Gazin 2114610 0 0 3 0 0 0 0 0 -19.730000 -60.150000 -19.730000 -60.150000 -19.730000 -60.150000 0.0 0 
2.094395
 1 123 123 p_village_44 Kogosi 2114610 0 0 3 0 0 0 0 0 -35.080000 -107.510000 -35.080000 -107.510000 -35.080000 -107.510000 0.0 0 
2.268928
 1 124 124 p_village_45 Bulugur 2114609 0 0 3 0 0 0 0 0 41.210000 -40.640000 41.210000 -40.640000 41.210000 -40.640000 0.0 0 
2.967060
 1 125 125 p_village_46 Fedner 2114609 0 0 3 0 0 0 0 0 68.750000 -76.930000 68.750000 -76.930000 68.750000 -76.930000 0.0 0 
2.967060
 1 126 126 p_village_47 Bretven 2114609 0 0 3 0 0 0 0 0 32.690000 -57.430000 32.690000 -57.430000 32.690000 -57.430000 0.0 0 
2.967060
 1 127 127 p_village_48 Veidar 2114609 0 0 3 0 0 0 0 0 11.390000 -65.050000 11.390000 -65.050000 11.390000 -65.050000 0.0 0 
2.967060
 1 128 128 p_village_49 Tismirr 2114610 0 0 3 0 0 0 0 0 -17.180000 -121.080000 -17.180000 -121.080000 -17.180000 -121.080000 0.0 0 
0.174533
 1 129 129 p_village_50 Saffrongate 2114615 0 0 3 0 0 0 0 0 -60.030000 91.440000 -60.030000 91.440000 -60.030000 91.440000 0.0 0 
2.967060
 1 130 130 p_village_51 Yule 2114609 0 0 3 0 0 0 0 0 -95.700000 -81.600000 -95.700000 -81.600000 -95.700000 -81.600000 0.0 0 
1.745329
 1 131 131 p_village_52 Miandan 2114610 0 0 3 0 0 0 0 0 -59.830000 -80.010000 -59.830000 -80.010000 -59.830000 -80.010000 0.0 0 
1.919862
 1 132 132 p_village_53 Balanli 2114609 0 0 3 0 0 0 0 0 -16.640000 -25.230000 -16.640000 -25.230000 -16.640000 -25.230000 0.0 0 
2.094395
 1 133 133 p_village_54 Pern 2114609 0 0 3 0 0 0 0 0 14.270000 17.930000 14.270000 17.930000 14.270000 17.930000 0.0 0 
2.268928
 1 134 134 p_village_55 Orin 2114609 0 0 3 0 0 0 0 0 -32.890000 61.840000 -32.890000 61.840000 -32.890000 61.840000 0.0 0 
2.967060
 1 135 135 p_village_56 Fenada 2114609 0 0 3 0 0 0 0 0 33.850000 -88.340000 33.850000 -88.340000 33.850000 -88.340000 0.0 0 
2.967060
 1 136 136 p_village_57 Branburg 2114609 0 0 3 0 0 0 0 0 -18.190000 5.090000 -18.190000 5.090000 -18.190000 5.090000 0.0 0 
2.967060
 1 137 137 p_village_58 Vezin 2114609 0 0 3 0 0 0 0 0 -23.420000 66.750000 -23.420000 66.750000 -23.420000 66.750000 0.0 0 
2.967060
 1 138 138 p_village_59 Yasin 2114610 0 0 3 0 0 0 0 0 -24.980000 -49.630000 -24.980000 -49.630000 -24.980000 -49.630000 0.0 0 
2.967060
 1 139 139 p_village_60 Tahlberl 2114609 0 0 3 0 0 0 0 0 7.080000 3.500000 7.080000 3.500000 7.080000 3.500000 0.0 0 
2.967060
 1 140 140 p_village_61 Aldelen 2114609 0 0 3 0 0 0 0 0 -99.520000 -15.520000 -99.520000 -15.520000 -99.520000 -15.520000 0.0 0 
1.745329
 1 141 141 p_village_62 Rebache 2114615 0 0 3 0 0 0 0 0 38.540000 68.460000 38.540000 68.460000 38.540000 68.460000 0.0 0 
1.745329
 1 142 142 p_village_63 Quay 2114609 0 0 3 0 0 0 0 0 -69.250000 -17.900000 -69.250000 -17.900000 -69.250000 -17.900000 0.0 0 
1.745329
 1 143 143 p_village_64 Serindiar 2114609 0 0 3 0 0 0 0 0 65.700000 -108.150000 65.700000 -108.150000 65.700000 -108.150000 0.0 0 
1.745329
 1 144 144 p_village_65 Belmonfaire 2114609 0 0 3 0 0 0 0 0 -29.990000 -23.470000 -29.990000 -23.470000 -29.990000 -23.470000 0.0 0 
1.745329
 1 145 145 p_village_66 Fisdnar 2114609 0 0 3 0 0 0 0 0 -4.010000 63.820000 -4.010000 63.820000 -4.010000 63.820000 0.0 0 
1.745329
 1 146 146 p_village_67 Tebandra 2114609 0 0 3 0 0 0 0 0 -97.440000 60.900000 -97.440000 60.900000 -97.440000 60.900000 0.0 0 
1.745329
 1 147 147 p_village_68 Seh_Pathar 2114610 0 0 3 0 0 0 0 0 -5.090000 -68.560000 -5.090000 -68.560000 -5.090000 -68.560000 0.0 0 
1.745329
 1 148 148 p_village_69 Kwynn 2114609 0 0 3 0 0 0 0 0 23.430000 -4.200000 23.430000 -4.200000 23.430000 -4.200000 0.0 0 
1.745329
 1 149 149 p_village_70 Dirigsene 2114609 0 0 3 0 0 0 0 0 35.000000 -72.140000 35.000000 -72.140000 35.000000 -72.140000 0.0 0 
1.745329
 1 150 150 p_village_71 Troughbren 2114609 0 0 3 0 0 0 0 0 49.450000 -6.750000 49.450000 -6.750000 49.450000 -6.750000 0.0 0 
0.349066
 1 151 151 p_village_72 Derakhte_Ghermez 2114610 0 0 3 0 0 0 0 0 -38.370000 -55.390000 -38.370000 -55.390000 -38.370000 -55.390000 0.0 0 
1.047198
 1 152 152 p_village_73 Chaeza 2114609 0 0 3 0 0 0 0 0 46.280000 -101.830000 46.280000 -101.830000 46.280000 -101.830000 0.0 0 
0.959931
 1 153 153 p_village_74 Avayburg 2114609 0 0 3 0 0 0 0 0 -17.480000 23.350000 -17.480000 23.350000 -17.480000 23.350000 0.0 0 
0.261799
 1 154 154 p_village_75 Clovindarn 2114609 0 0 3 0 0 0 0 0 -57.140000 31.450000 -57.140000 31.450000 -57.140000 31.450000 0.0 0 
0.174533
 1 155 155 p_village_76 Fletcher 2114609 0 0 3 0 0 0 0 0 58.200000 17.350000 58.200000 17.350000 58.200000 17.350000 0.0 0 
0.610865
 1 156 156 p_village_77 Rizi 2114609 0 0 3 0 0 0 0 0 -69.710000 -38.820000 -69.710000 -38.820000 -69.710000 -38.820000 0.0 0 
2.792527
 1 157 157 p_village_78 Sarimish 2114609 0 0 3 0 0 0 0 0 30.570000 -15.480000 30.570000 -15.480000 30.570000 -15.480000 0.0 0 
3.141593
 1 158 158 p_village_79 Ushu 2114610 0 0 3 0 0 0 0 0 -49.870000 -104.150000 -49.870000 -104.150000 -49.870000 -104.150000 0.0 0 
0.000000
 1 159 159 p_village_80 Kaveraid 2114609 0 0 3 0 0 0 0 0 -62.290000 -6.430000 -62.290000 -6.430000 -62.290000 -6.430000 0.0 0 
0.698132
 1 160 160 p_village_81 Odasan 2114609 0 0 3 0 0 0 0 0 -86.980000 -38.540000 -86.980000 -38.540000 -86.980000 -38.540000 0.0 0 
0.349066
 1 161 161 p_village_82 Tragmar 2114609 0 0 3 0 0 0 0 0 -51.880000 -51.230000 -51.880000 -51.230000 -51.880000 -51.230000 0.0 0 
1.047198
 1 162 162 p_village_83 Gahar 2114610 0 0 3 0 0 0 0 0 -30.260000 -118.270000 -30.260000 -118.270000 -30.260000 -118.270000 0.0 0 
0.959931
 1 163 163 p_village_84 Chelez 2114609 0 0 3 0 0 0 0 0 -48.000000 -67.010000 -48.000000 -67.010000 -48.000000 -67.010000 0.0 0 
0.261799
 1 164 164 p_village_85 Ismirala 2114609 0 0 3 0 0 0 0 0 -11.060000 74.400000 -11.060000 74.400000 -11.060000 74.400000 0.0 0 
0.174533
 1 165 165 p_village_86 Bierbuk 2114615 0 0 3 0 0 0 0 0 54.510000 56.520000 54.510000 56.520000 54.510000 56.520000 0.0 0 
1.570796
 1 166 166 p_village_87 Tyra 2114609 0 0 3 0 0 0 0 0 -91.270000 39.700000 -91.270000 39.700000 -91.270000 39.700000 0.0 0 
2.792527
 1 167 167 p_village_88 Tulbuk 2114610 0 0 3 0 0 0 0 0 -41.090000 -87.140000 -41.090000 -87.140000 -41.090000 -87.140000 0.0 0 
3.141593
 1 168 168 p_village_89 Uhhun 2114609 0 0 3 0 0 0 0 0 50.530000 -58.560000 50.530000 -58.560000 50.530000 -58.560000 0.0 0 
0.000000
 1 169 169 p_village_90 Walven 2114609 0 0 3 0 0 0 0 0 62.900000 -52.680000 62.900000 -52.680000 62.900000 -52.680000 0.0 0 
0.698132
 1 170 170 p_salt_mine Hidden_mines_of_Al-Aziz 2114865 0 0 3 0 0 0 0 0 63.590000 -129.510000 63.590000 -129.510000 63.590000 -129.510000 0.0 0 
0.000000
 1 171 171 p_four_ways_inn four_way_inn 2114865 0 0 3 0 0 0 0 0 110.750000 63.160000 110.750000 63.160000 110.750000 63.160000 0.0 0 
0.000000
 1 172 172 p_test_scene test_scene 2114865 0 0 3 0 0 0 0 0 65.510000 -133.230000 65.510000 -133.230000 65.510000 -133.230000 0.0 0 
0.000000
 1 173 173 p_battlefields battlefields 2114865 0 0 3 0 0 0 0 0 65.210000 -131.430000 65.210000 -131.430000 65.210000 -131.430000 0.0 0 
0.000000
 1 174 174 p_dhorak_keep Dagger_Keep 2639216 0 0 3 0 0 0 0 0 77.750000 -87.880000 77.750000 -87.880000 77.750000 -87.880000 0.0 0 
0.000000
 1 175 175 p_old_ruins Old_Ruins 2098484 0 0 3 0 0 0 0 0 12.060000 -8.000000 12.060000 -8.000000 12.060000 -8.000000 0.0 0 
0.000000
 1 176 176 p_castle_noldor Elacrai 4199810 0 0 64 0 0 0 0 0 98.520000 -16.610000 98.520000 -16.610000 98.520000 -16.610000 0.0 6 266 50 0 0 264 50 0 0 265 100 0 0 261 300 0 0 263 500 0 0 269 100 0 1 
1.919862
 1 177 177 p_snake_stronghold Snake_Cult_Stronghold 4199781 0 0 42 0 0 0 0 0 81.220000 -75.530000 81.220000 -75.530000 81.220000 -75.530000 0.0 6 276 50 0 0 275 50 0 0 274 100 0 0 273 300 0 0 272 500 0 0 336 10 0 1 
0.000000
 1 178 178 p_stronghold_pos1 {!}stronghold_pos1 1280 0 0 3 0 0 0 0 0 -64.060000 44.700000 -64.060000 44.700000 -64.060000 44.700000 0.0 1 213 15 0 0 
0.000000
 1 179 179 p_stronghold_pos2 {!}stronghold_pos2 1280 0 0 3 0 0 0 0 0 39.840000 15.270000 39.840000 15.270000 39.840000 15.270000 0.0 1 213 15 0 0 
0.000000
 1 180 180 p_stronghold_pos3 {!}stronghold_pos3 1280 0 0 3 0 0 0 0 0 96.060000 -70.340000 96.060000 -70.340000 96.060000 -70.340000 0.0 1 213 15 0 0 
0.000000
 1 181 181 p_stronghold_pos4 {!}stronghold_pos4 1280 0 0 3 0 0 0 0 0 71.910000 -43.760000 71.910000 -43.760000 71.910000 -43.760000 0.0 1 213 15 0 0 
0.000000
 1 182 182 p_stronghold_pos5 {!}stronghold_pos5 1280 0 0 3 0 0 0 0 0 -40.400000 6.080000 -40.400000 6.080000 -40.400000 6.080000 0.0 1 213 15 0 0 
0.000000
 1 183 183 p_stronghold_pos6 {!}stronghold_pos6 1280 0 0 3 0 0 0 0 0 21.920000 -42.040000 21.920000 -42.040000 21.920000 -42.040000 0.0 1 213 15 0 0 
0.000000
 1 184 184 p_training_ground Training_Ground 2114921 0 0 3 0 0 0 0 0 -19.240000 -130.200000 -19.240000 -130.200000 -19.240000 -130.200000 0.0 0 
0.000000
 1 185 185 p_training_ground_1 Training_Field 2114665 0 0 3 0 0 0 0 0 -90.520000 -9.840000 -90.520000 -9.840000 -90.520000 -9.840000 0.0 0 
1.745329
 1 186 186 p_training_ground_2 Training_Field 2114665 0 0 3 0 0 0 0 0 -16.450000 -88.620000 -16.450000 -88.620000 -16.450000 -88.620000 0.0 0 
1.745329
 1 187 187 p_training_ground_3 Training_Field 2114665 0 0 3 0 0 0 0 0 70.500000 -72.000000 70.500000 -72.000000 70.500000 -72.000000 0.0 0 
1.745329
 1 188 188 p_training_ground_4 Training_Field 2114665 0 0 3 0 0 0 0 0 -65.250000 19.210000 -65.250000 19.210000 -65.250000 19.210000 0.0 0 
0.959931
 1 189 189 p_training_ground_5 Training_Field 2114665 0 0 3 0 0 0 0 0 76.590000 -101.650000 76.590000 -101.650000 76.590000 -101.650000 0.0 0 
3.316126
 1 190 190 p_bridge_1 {!}1 541802 0 0 3 0 0 0 0 0 59.720000 20.560000 59.720000 20.560000 59.720000 20.560000 0.0 0 
0.034907
 1 191 191 p_bridge_5 {!}5 541805 0 0 3 0 0 0 0 0 -29.270000 81.920000 -29.270000 81.920000 -29.270000 81.920000 0.0 0 
1.134464
 1 192 192 p_bridge_6 {!}6 541802 0 0 3 0 0 0 0 0 49.620000 -1.000000 49.620000 -1.000000 49.620000 -1.000000 0.0 0 
-0.174533
 1 193 193 p_bridge_7 {!}7 541802 0 0 3 0 0 0 0 0 14.060000 -31.470000 14.060000 -31.470000 14.060000 -31.470000 0.0 0 
-0.296706
 1 194 194 p_bridge_8 {!}8 541802 0 0 3 0 0 0 0 0 21.580000 -2.040000 21.580000 -2.040000 21.580000 -2.040000 0.0 0 
0.174533
 1 195 195 p_bridge_9 {!}9 541806 0 0 3 0 0 0 0 0 60.210000 64.850000 60.210000 64.850000 60.210000 64.850000 0.0 0 
0.000000
 1 196 196 p_bridge_10 {!}10 541803 0 0 3 0 0 0 0 0 -18.570000 -43.290000 -18.570000 -43.290000 -18.570000 -43.290000 0.0 0 
-0.157080
 1 197 197 p_bridge_13 {!}13 541802 0 0 3 0 0 0 0 0 74.310000 62.910000 74.310000 62.910000 74.310000 62.910000 0.0 0 
-0.157080
 1 198 198 p_bridge_14 {!}14 541802 0 0 3 0 0 0 0 0 -11.760000 -26.630000 -11.760000 -26.630000 -11.760000 -26.630000 0.0 0 
-0.453786
 1 199 199 p_bridge_15 {!}15 541803 0 0 3 0 0 0 0 0 -36.660000 -104.030000 -36.660000 -104.030000 -36.660000 -104.030000 0.0 0 
-0.087266
 1 200 200 p_looter_spawn_point {!}looter_sp 1280 0 0 3 0 0 0 0 0 -30.530000 -7.030000 -30.530000 -7.030000 -30.530000 -7.030000 0.0 1 213 15 0 0 
0.000000
 1 201 201 p_steppe_bandit_spawn_point D'Shar_Raider_Lair 1280 0 0 3 0 0 0 0 0 -49.430000 -114.400000 -49.430000 -114.400000 -49.430000 -114.400000 0.0 1 213 15 0 0 
0.000000
 1 202 202 p_steppe_bandit2_spawn_point steppe2_bandit_sp 1280 0 0 3 0 0 0 0 0 -24.220000 -82.060000 -24.220000 -82.060000 -24.220000 -82.060000 0.0 1 213 15 0 0 
0.000000
 1 203 203 p_steppe_bandit3_spawn_point steppe3_bandit_sp 1280 0 0 3 0 0 0 0 0 -61.820000 -86.400000 -61.820000 -86.400000 -61.820000 -86.400000 0.0 1 213 15 0 0 
0.000000
 1 204 204 p_forest_bandit_spawn_point forest_bandit_sp 1280 0 0 3 0 0 0 0 0 -74.270000 85.340000 -74.270000 85.340000 -74.270000 85.340000 0.0 1 213 15 0 0 
0.000000
 1 205 205 p_forest_bandit2_spawn_point forest_bandit2_sp 1280 0 0 3 0 0 0 0 0 -52.730000 25.500000 -52.730000 25.500000 -52.730000 25.500000 0.0 1 213 15 0 0 
0.000000
 1 206 206 p_forest_bandit3_spawn_point forest_bandit3_sp 1280 0 0 3 0 0 0 0 0 -49.210000 -7.080000 -49.210000 -7.080000 -49.210000 -7.080000 0.0 1 213 15 0 0 
0.000000
 1 207 207 p_forest_bandit4_spawn_point forest_bandit4_sp 1280 0 0 3 0 0 0 0 0 10.270000 -52.940000 10.270000 -52.940000 10.270000 -52.940000 0.0 1 213 15 0 0 
0.000000
 1 208 208 p_forest_bandit5_spawn_point forest_bandit5_sp 1280 0 0 3 0 0 0 0 0 -73.320000 59.760000 -73.320000 59.760000 -73.320000 59.760000 0.0 1 213 15 0 0 
0.000000
 1 209 209 p_forest_bandit6_spawn_point Brigand_Camp 1280 0 0 3 0 0 0 0 0 3.310000 12.430000 3.310000 12.430000 3.310000 12.430000 0.0 1 213 15 0 0 
0.000000
 1 210 210 p_forest_bandit7_spawn_point forest_bandit7_sp 1280 0 0 3 0 0 0 0 0 63.410000 4.770000 63.410000 4.770000 63.410000 4.770000 0.0 1 213 15 0 0 
0.000000
 1 211 211 p_forest_bandit8_spawn_point forest_bandit8_sp 1280 0 0 3 0 0 0 0 0 -41.250000 -41.000000 -41.250000 -41.000000 -41.250000 -41.000000 0.0 1 213 15 0 0 
0.000000
 1 212 212 p_forest_bandit9_spawn_point forest_bandit9_sp 1280 0 0 3 0 0 0 0 0 47.920000 -25.830000 47.920000 -25.830000 47.920000 -25.830000 0.0 1 213 15 0 0 
0.000000
 1 213 213 p_forest_bandit10_spawn_point forest_bandit10_sp 1280 0 0 3 0 0 0 0 0 -29.610000 24.840000 -29.610000 24.840000 -29.610000 24.840000 0.0 1 213 15 0 0 
0.000000
 1 214 214 p_forest_bandit11_spawn_point forest_bandit11_sp 1280 0 0 3 0 0 0 0 0 -72.060000 -49.460000 -72.060000 -49.460000 -72.060000 -49.460000 0.0 1 213 15 0 0 
0.000000
 1 215 215 p_forest_bandit12_spawn_point forest_bandit12_sp 1280 0 0 3 0 0 0 0 0 30.640000 -79.270000 30.640000 -79.270000 30.640000 -79.270000 0.0 1 213 15 0 0 
0.000000
 1 216 216 p_heretic_spawn_point Heretic_sp 1280 0 0 3 0 0 0 0 0 27.040000 -49.140000 27.040000 -49.140000 27.040000 -49.140000 0.0 1 213 15 0 0 
0.000000
 1 217 217 p_a_spawn_point A_Heretic_sp 1280 0 0 3 0 0 0 0 0 -40.750000 -22.540000 -40.750000 -22.540000 -40.750000 -22.540000 0.0 0 
1.117011
 1 218 218 p_b_spawn_point B_Heretic_sp 1280 0 0 3 0 0 0 0 0 -16.130000 34.430000 -16.130000 34.430000 -16.130000 34.430000 0.0 0 
0.174533
 1 219 219 p_c_spawn_point C_Heretic_sp 1280 0 0 3 0 0 0 0 0 -84.850000 -65.230000 -84.850000 -65.230000 -84.850000 -65.230000 0.0 0 
1.570796
 1 220 220 p_color1_red_spawn_point Renegade_Sarleon_Red_Spawn 1280 0 0 3 0 0 0 0 0 28.120000 8.430000 28.120000 8.430000 28.120000 8.430000 0.0 1 213 15 0 0 
0.000000
 1 221 221 p_color2_yellow_spawn_point Renegade_Empire_Yellow_Spawn 1280 0 0 3 0 0 0 0 0 60.340000 -58.290000 60.340000 -58.290000 60.340000 -58.290000 0.0 1 213 15 0 0 
0.000000
 1 222 222 p_color3_blue_spawn_point Renegade_Ravenstern_Blue_Spawn 1280 0 0 3 0 0 0 0 0 -5.050000 84.440000 -5.050000 84.440000 -5.050000 84.440000 0.0 1 213 15 0 0 
0.000000
 1 223 223 p_color4_green_spawn_point Renegade_Fierd_Green_Spawn 1280 0 0 3 0 0 0 0 0 -63.420000 -44.120000 -63.420000 -44.120000 -63.420000 -44.120000 0.0 1 213 15 0 0 
0.000000
 1 224 224 p_color5_black_spawn_point Renegade_Foriegn_Black_Spawn 1280 0 0 3 0 0 0 0 0 -50.800000 -71.150000 -50.800000 -71.150000 -50.800000 -71.150000 0.0 1 213 15 0 0 
0.000000
 1 225 225 p_generic1_spawn_point generic_Army1_sp 1280 0 0 3 0 0 0 0 0 -0.450000 -62.790000 -0.450000 -62.790000 -0.450000 -62.790000 0.0 1 213 15 0 0 
0.000000
 1 226 226 p_generic2_bandit_spawn_point generic2_army_sp 1280 0 0 3 0 0 0 0 0 -13.450000 35.320000 -13.450000 35.320000 -13.450000 35.320000 0.0 1 213 15 0 0 
0.000000
 1 227 227 p_omega_spawn_point Omega_Army_unused 1280 0 0 3 0 0 0 0 0 -37.160000 -32.730000 -37.160000 -32.730000 -37.160000 -32.730000 0.0 0 
0.000000
 1 228 228 p_alpha_spawn_point Alpha_Army_sp 1280 0 0 3 0 0 0 0 0 -79.160000 -30.770000 -79.160000 -30.770000 -79.160000 -30.770000 0.0 0 
1.570796
 1 229 229 p_beta_spawn_point Beta_Army_sp 1280 0 0 3 0 0 0 0 0 10.000000 -23.480000 10.000000 -23.480000 10.000000 -23.480000 0.0 0 
2.356194
 1 230 230 p_mystmountain_spawn_point Mystmountain_Hideout 1280 0 0 3 0 0 0 0 0 28.060000 86.400000 28.060000 86.400000 28.060000 86.400000 0.0 1 213 15 0 0 
0.000000
 1 231 231 p_mountain_bandit_spawn_point mountain_bandit_sp 1280 0 0 3 0 0 0 0 0 -49.200000 90.180000 -49.200000 90.180000 -49.200000 90.180000 0.0 1 213 15 0 0 
0.000000
 1 232 232 p_mountain_bandit2_spawn_point mountain_bandit2_sp 1280 0 0 3 0 0 0 0 0 59.390000 80.170000 59.390000 80.170000 59.390000 80.170000 0.0 1 213 15 0 0 
0.000000
 1 233 233 p_sea_raider_spawn_point_1 Vanskerry_Landing 1280 0 0 3 0 0 0 0 0 -86.450000 36.330000 -86.450000 36.330000 -86.450000 36.330000 0.0 1 213 15 0 0 
0.000000
 1 234 234 p_sea_raider_spawn_point_2 Vanskerry_Raider1_sp 1280 0 0 3 0 0 0 0 0 -92.140000 58.030000 -92.140000 58.030000 -92.140000 58.030000 0.0 1 213 15 0 0 
0.000000
 1 235 235 p_sea_raider_spawn_point_3 Vanskerry_Raider2_sp 1280 0 0 3 0 0 0 0 0 -92.770000 -49.990000 -92.770000 -49.990000 -92.770000 -49.990000 0.0 1 213 15 0 0 
0.000000
 1 236 236 p_snake_cult1_spawn_point Snake_Cult_Shrine 1280 0 0 3 0 0 0 0 0 43.590000 -89.660000 43.590000 -89.660000 43.590000 -89.660000 0.0 1 213 15 0 0 
0.000000
 1 237 237 p_snake_cult2_spawn_point snake_cult_sp 1280 0 0 3 0 0 0 0 0 66.720000 -94.520000 66.720000 -94.520000 66.720000 -94.520000 0.0 1 213 15 0 0 
0.000000
 1 238 238 p_noldor_elves_spawn_point Noldor_Spawn_Laria_Woods 1280 0 0 3 0 0 0 0 0 77.660000 -23.340000 77.660000 -23.340000 77.660000 -23.340000 0.0 1 213 15 0 0 
0.000000
 1 239 239 p_jatu_nomads_spawn_point Jatu_Plains 1280 0 0 3 0 0 0 0 0 65.090000 34.840000 65.090000 34.840000 65.090000 34.840000 0.0 1 213 15 0 0 
0.000000
 1 240 240 p_jatu_nomads2_spawn_point Jatu_Plains 1280 0 0 3 0 0 0 0 0 90.050000 38.800000 90.050000 38.800000 90.050000 38.800000 0.0 1 213 15 0 0 
0.000000
 1 241 241 p_inquisition1_spawn_point Inquisition_Spawn 1280 0 0 3 0 0 0 0 0 -38.370000 -55.390000 -38.370000 -55.390000 -38.370000 -55.390000 0.0 1 213 15 0 0 
0.000000
 1 242 242 p_inquisition2_spawn_point Inquisition_Spawn 1280 0 0 3 0 0 0 0 0 -14.830000 -78.090000 -14.830000 -78.090000 -14.830000 -78.090000 0.0 1 213 15 0 0 
0.000000
 1 243 243 p_inquisition3_spawn_point Inquisition_Spawn 1280 0 0 3 0 0 0 0 0 -33.160000 -99.650000 -33.160000 -99.650000 -33.160000 -99.650000 0.0 1 213 15 0 0 
0.000000
 1 244 244 p_inquisition4_spawn_point Inquisition_Spawn 1280 0 0 3 0 0 0 0 0 -17.180000 -121.080000 -17.180000 -121.080000 -17.180000 -121.080000 0.0 1 213 15 0 0 
0.000000
 1 245 245 p_ringer_1_spawn_point Ringer_1_sp 1280 0 0 3 0 0 0 0 0 -74.110000 -117.050000 -74.110000 -117.050000 -74.110000 -117.050000 0.0 1 213 15 0 0 
0.000000
 1 246 246 p_ringer_2_spawn_point Ringer_2_sp 1280 0 0 3 0 0 0 0 0 -43.350000 -132.150000 -43.350000 -132.150000 -43.350000 -132.150000 0.0 1 213 15 0 0 
0.000000
 1 247 247 p_ringer_3_spawn_point Ringer_3_sp 1280 0 0 3 0 0 0 0 0 95.580000 -85.650000 95.580000 -85.650000 95.580000 -85.650000 0.0 1 213 15 0 0 
0.000000
 1 248 248 p_ringer_4_spawn_point Ringer_4_sp 1280 0 0 3 0 0 0 0 0 102.630000 52.600000 102.630000 52.600000 102.630000 52.600000 0.0 1 213 15 0 0 
0.000000
 1 249 249 p_spawn_points_end {!}last_spawn_point 1280 0 0 1 0 0 0 0 0 0.000000 0.000000 0.000000 0.000000 0.000000 0.000000 0.0 1 213 15 0 0 
0.000000
 1 250 250 p_reserved_1 {!}last_spawn_point 1280 0 0 1 0 0 0 0 0 0.000000 0.000000 0.000000 0.000000 0.000000 0.000000 0.0 1 213 15 0 0 
0.000000
 1 251 251 p_reserved_2 {!}last_spawn_point 1280 0 0 1 0 0 0 0 0 0.000000 0.000000 0.000000 0.000000 0.000000 0.000000 0.0 1 213 15 0 0 
0.000000
 1 252 252 p_reserved_3 {!}last_spawn_point 1280 0 0 1 0 0 0 0 0 0.000000 0.000000 0.000000 0.000000 0.000000 0.000000 0.0 1 213 15 0 0 
0.000000
 1 253 253 p_reserved_4 {!}last_spawn_point 1280 0 0 1 0 0 0 0 0 0.000000 0.000000 0.000000 0.000000 0.000000 0.000000 0.0 1 213 15 0 0 
0.000000
 1 254 254 p_reserved_5 {!}last_spawn_point 1280 0 0 1 0 0 0 0 0 0.000000 0.000000 0.000000 0.000000 0.000000 0.000000 0.0 1 213 15 0 0 
0.000000
 1 255 255 p_parties_end parties_end 1280 0 0 3 0 0 0 0 0 0.000000 0.000000 0.000000 0.000000 0.000000 0.000000 0.0 1 213 15 0 0 
0.000000
